index   ul_delay_ms   duration_ms   packet_size  sync_rtt_ms
1       44.09         38.46         20000       51.21     
2       31.95         40.68         20000       22.09     
3       25.14         43.47         20000       22.09     
4       24.61         14.94         20000       22.09     
5       25.48         15.52         20000       11.52     
6       28.78         38.85         20000       11.52     
7       30.74         26.41         20000       11.52     
8       16.28         24.51         20000       9.78      
9       24.95         19.99         20000       9.78      
10      28.54         35.61         20000       9.78      
11      23.35         26.93         20000       9.78      
12      29.57         14.58         20000       9.58      
13      33.85         23.57         20000       9.58      
14      33.89         23.75         20000       9.58      
15      28.49         20.64         20000       10.38     
16      25.83         21.50         20000       10.38     
17      20.60         16.00         20000       10.38     
18      16.06         14.95         20000       10.38     
19      46.83         24.58         20000       73.82     
20      53.44         30.39         20000       73.82     
21      59.24         22.45         20000       73.82     
22      29.52         26.69         20000       9.79      
23      28.62         28.77         20000       9.79      
24      29.40         23.44         20000       9.79      
25      21.23         15.15         20000       10.38     
26      20.90         21.42         20000       10.38     
27      19.87         15.81         20000       10.38     
28      22.45         15.78         20000       10.38     
29      47.14         14.88         20000       49.16     
30      46.48         34.50         20000       49.16     
31      43.29         39.73         20000       49.16     
32      18.42         20.28         20000       9.88      
33      33.01         29.70         20000       9.88      
34      28.27         52.83         20000       9.88      
35      29.21         16.41         20000       33.91     
36      38.69         15.85         20000       33.91     
37      39.95         42.40         20000       33.91     
38      37.36         39.09         20000       33.91     
39      27.34         28.50         20000       23.85     
40      32.30         16.04         20000       23.85     
41      31.94         51.61         20000       23.85     
42      25.65         26.60         20000       11.86     
43      24.50         16.36         20000       11.86     
44      26.45         43.19         20000       11.86     
45      30.86         32.29         20000       10.16     
46      19.01         15.71         20000       10.16     
47      30.82         36.01         20000       10.16     
48      31.17         29.02         20000       10.16     
49      28.29         34.55         20000       9.89      
50      30.57         41.96         20000       9.89      
51      29.79         26.30         20000       9.89      
52      24.89         11.54         20000       9.60      
53      27.75         28.68         20000       9.60      
54      27.31         40.65         20000       9.60      
55      73.76         35.03         20000       73.91     
56      51.15         50.91         20000       73.91     
57      60.03         12.27         20000       73.91     
58      56.92         26.53         20000       73.91     
59      26.22         15.62         20000       9.76      
60      32.10         24.55         20000       9.76      
61      29.51         32.12         20000       9.76      
62      19.87         20.39         20000       10.61     
63      30.22         50.14         20000       10.61     
64      35.38         381.59        20000       10.61     
65      112.52        111.54        20000       9.37      
66      19.67         131.79        20000       9.37      
67      323.87        0.56          20000       9.89      
68      24.23         20.30         20000       9.89      
69      18.98         19.76         20000       9.89      
70      18.21         252.86        20000       9.89      
71      89.38         100.17        20000       73.69     
72      59.33         174.18        20000       73.69     
73      70.11         218.05        20000       73.69     
74      57.63         108.60        20000       73.69     
75      51.25         179.16        20000       9.80      
76      29.25         60.03         20000       9.80      
77      29.41         227.78        20000       9.80      
78      25.91         242.48        20000       9.33      
79      44.00         164.06        20000       9.33      
80      30.72         301.88        20000       9.84      
81      37.03         36.71         20000       9.84      
82      26.60         16.60         20000       9.84      
83      34.17         6.66          20000       30.22     
84      45.57         77.34         20000       30.22     
85      19.57         23.64         20000       30.22     
86      30.87         50.00         20000       10.09     
87      32.15         74.58         20000       10.09     
88      19.79         36.12         20000       10.09     
89      28.41         25.87         20000       10.09     
90      60.15         36.39         20000       69.30     
91      58.15         16.71         20000       69.30     
92      63.60         37.92         20000       69.30     
93      37.15         27.20         20000       26.10     
94      35.88         47.65         20000       26.10     
95      42.54         36.92         20000       26.10     
96      25.33         15.24         20000       11.14     
97      25.28         15.96         20000       11.14     
98      19.84         21.55         20000       11.14     
99      26.31         37.98         20000       9.46      
100     28.17         112.98        20000       9.46      
101     24.08         35.82         20000       9.46      
102     28.19         26.67         20000       9.46      
103     28.49         15.10         20000       9.78      
104     22.62         20.52         20000       9.78      
105     30.45         27.69         20000       9.78      
106     20.50         13.36         20000       9.91      
107     26.81         27.10         20000       9.91      
108     24.84         37.68         20000       9.91      
109     29.67         31.98         20000       9.91      
110     55.76         35.38         20000       73.65     
111     60.41         23.54         20000       73.65     
112     59.41         12.79         20000       73.65     
113     20.34         22.24         20000       26.59     
114     18.81         30.63         20000       26.59     
115     18.46         42.21         20000       26.59     
116     24.71         20.38         20000       9.41      
117     24.24         37.84         20000       9.41      
118     31.54         23.33         20000       9.41      
119     27.69         36.61         20000       9.41      
120     37.43         33.29         20000       31.83     
121     37.04         27.44         20000       31.83     
122     37.62         15.28         20000       31.83     
123     25.95         58.91         20000       9.43      
124     25.45         30.84         20000       9.43      
125     28.80         33.22         20000       9.43      
126     38.92         15.69         20000       35.67     
127     33.91         14.91         20000       35.67     
128     38.83         15.03         20000       35.67     
129     43.03         38.80         20000       35.67     
130     37.60         30.83         20000       24.59     
131     32.23         26.31         20000       24.59     
132     36.60         46.56         20000       24.59     
133     30.14         40.29         20000       10.43     
134     29.44         27.97         20000       10.43     
135     25.13         26.66         20000       10.43     
136     20.09         20.21         20000       11.23     
137     23.70         10.55         20000       11.23     
138     23.97         29.57         20000       11.23     
139     27.86         15.74         20000       11.23     
140     27.57         25.79         20000       9.94      
141     25.89         26.48         20000       9.94      
142     23.30         30.36         20000       9.94      
143     17.87         15.88         20000       9.38      
144     20.11         20.04         20000       9.38      
145     30.27         32.40         20000       9.38      
146     13.00         16.77         20000       9.84      
147     27.65         32.84         20000       9.84      
148     25.38         32.07         20000       9.84      
149     28.47         29.28         20000       9.84      
150     27.74         15.10         20000       9.86      
151     20.35         10.75         20000       9.86      
152     30.70         14.35         20000       9.86      
153     29.29         55.28         20000       9.67      
154     23.01         15.82         20000       9.67      
155     19.25         49.80         20000       9.67      
156     27.85         37.40         20000       21.43     
157     32.80         19.20         20000       21.43     
158     23.17         15.48         20000       21.43     
159     28.07         44.40         20000       21.43     
160     25.70         55.45         20000       12.06     
161     26.77         34.58         20000       12.06     
162     26.33         94.27         20000       12.06     
163     24.68         40.83         20000       10.13     
164     26.77         44.51         20000       10.13     
165     29.56         24.42         20000       10.13     
166     25.78         45.29         20000       10.56     
167     18.60         20.00         20000       10.56     
168     18.12         15.56         20000       10.56     
169     22.62         51.44         20000       10.56     
170     22.27         14.71         20000       9.20      
171     25.31         32.70         20000       9.20      
172     25.10         46.71         20000       9.20      
173     30.27         16.16         20000       9.96      
174     24.61         15.53         20000       9.96      
175     24.59         53.52         20000       9.96      
176     22.79         22.10         20000       18.03     
177     38.41         31.73         20000       18.03     
178     23.61         19.78         20000       18.03     
179     29.92         26.64         20000       18.03     
180     28.02         114.34        20000       9.58      
181     28.73         37.23         20000       9.58      
182     18.13         51.08         20000       9.58      
183     32.39         16.54         20000       19.52     
184     37.64         42.68         20000       19.52     
185     30.63         15.41         20000       19.52     
186     28.67         15.26         20000       19.52     
187     76.62         149.08        20000       96.96     
188     67.44         49.98         20000       96.96     
189     63.50         14.95         20000       96.96     
190     21.74         16.01         20000       23.13     
191     29.81         29.62         20000       23.13     
192     25.16         77.71         20000       23.13     
193     34.28         30.18         20000       20.52     
194     24.29         15.09         20000       20.52     
195     38.52         24.17         20000       20.52     
196     38.07         30.96         20000       20.52     
197     36.63         15.01         20000       26.99     
198     36.62         35.44         20000       26.99     
199     25.39         21.84         20000       26.99     
200     23.68         19.80         20000       15.93     
201     23.99         31.41         20000       15.93     
202     29.49         22.57         20000       15.93     
203     23.49         40.04         20000       15.93     
204     51.40         14.94         20000       66.88     
205     54.99         11.09         20000       66.88     
206     48.43         14.88         20000       66.88     
207     29.21         28.62         20000       12.97     
208     19.37         14.52         20000       12.97     
209     23.06         28.20         20000       12.97     
210     26.00         30.39         20000       12.49     
211     29.06         39.08         20000       12.49     
212     26.26         32.74         20000       12.49     
213     27.97         22.88         20000       12.49     
214     21.18         48.40         20000       9.93      
215     25.80         33.21         20000       9.93      
216     25.39         15.13         20000       9.93      
217     38.30         32.03         20000       10.74     
218     27.17         29.43         20000       10.74     
219     34.37         40.62         20000       10.74     
220     19.37         14.60         20000       9.33      
221     28.60         39.22         20000       9.33      
222     27.16         23.80         20000       9.33      
223     26.18         32.18         20000       9.33      
224     47.23         124.17        20000       43.60     
225     43.37         43.37         20000       43.60     
226     48.20         34.11         20000       43.60     
227     31.06         57.54         20000       9.78      
228     29.26         15.42         20000       9.78      
229     29.21         23.88         20000       9.78      
230     24.69         35.24         20000       9.68      
231     32.56         21.37         20000       9.68      
232     28.04         37.78         20000       9.68      
233     26.83         31.30         20000       9.68      
234     46.05         14.94         20000       49.44     
235     51.67         32.35         20000       49.44     
236     35.39         21.75         20000       49.44     
237     32.13         30.79         20000       9.81      
238     23.53         31.28         20000       9.81      
239     18.77         42.10         20000       9.81      
240     32.98         15.79         20000       35.34     
241     46.44         17.25         20000       35.34     
242     40.34         35.46         20000       35.34     
243     44.67         29.03         20000       35.34     
244     34.23         28.43         20000       23.89     
245     33.77         28.66         20000       23.89     
246     33.01         20.76         20000       23.89     
247     24.45         29.76         20000       9.51      
248     24.39         26.74         20000       9.51      
249     28.60         15.65         20000       9.51      
250     32.91         19.22         20000       9.51      
251     39.95         29.10         20000       35.94     
252     39.59         32.86         20000       35.94     
253     39.21         39.17         20000       35.94     
254     27.65         11.10         20000       10.12     
255     26.26         15.87         20000       10.12     
256     24.48         15.40         20000       10.12     
257     29.58         31.38         20000       9.71      
258     26.49         35.49         20000       9.71      
259     28.58         22.20         20000       9.71      
260     34.84         27.31         20000       9.78      
261     24.71         26.83         20000       9.78      
262     28.61         34.33         20000       9.78      
263     28.25         15.09         20000       9.78      
264     21.03         15.34         20000       9.70      
265     14.82         15.52         20000       9.70      
266     33.85         30.91         20000       9.70      
267     28.15         23.11         20000       9.95      
268     32.79         26.36         20000       9.95      
269     27.06         25.48         20000       9.95      
270     36.56         29.00         20000       9.78      
271     30.76         14.86         20000       9.78      
272     25.28         42.83         20000       9.78      
273     24.55         25.84         20000       9.78      
274     18.56         20.56         20000       9.16      
275     19.41         27.95         20000       9.16      
276     18.20         19.63         20000       9.16      
277     18.20         20.28         20000       9.37      
278     22.27         20.33         20000       9.37      
279     30.74         30.98         20000       9.37      
280     38.74         29.98         20000       26.05     
281     37.98         32.10         20000       26.05     
282     36.38         54.09         20000       26.05     
283     29.78         20.96         20000       26.05     
284     33.97         40.32         20000       25.35     
285     43.76         28.90         20000       25.35     
286     33.24         33.07         20000       25.35     
287     30.53         43.19         20000       10.05     
288     30.94         17.85         20000       10.05     
289     25.68         25.28         20000       10.05     
290     27.67         27.05         20000       9.73      
291     31.88         29.44         20000       9.73      
292     30.92         19.72         20000       9.73      
293     21.56         21.11         20000       9.73      
294     31.15         31.69         20000       9.61      
295     20.29         36.32         20000       9.61      
296     20.44         19.85         20000       9.61      
297     27.20         32.86         20000       10.00     
