Frame        Inference_Time_ms    Objects_Detected
0                       173.17                  14
1                        30.53                  12
2                        28.24                  12
3                        28.21                  13
4                        28.11                  15
5                        28.16                  15
6                        28.15                  11
7                        28.18                  14
8                        28.13                  14
9                        24.66                  14
10                       16.29                  14
11                       15.78                  14
12                       15.81                  15
13                       15.81                  15
14                       15.78                  14
15                       15.88                  15
16                       15.82                  16
17                       15.58                  17
18                       15.49                  17
19                       15.50                  17
20                       15.52                  14
21                       16.00                  18
22                       14.88                  14
23                       14.71                  15
24                       14.29                  16
25                       14.23                  16
26                       14.09                  14
27                       14.06                  14
28                       14.03                  14
29                       14.17                  17
30                       14.05                  13
31                       14.09                  14
32                       14.03                  14
33                       14.46                  15
34                       14.33                  16
35                       14.34                  15
36                       14.16                  16
37                       14.07                  14
38                       14.07                  15
39                       14.05                  15
40                       14.06                  16
41                       14.32                  14
42                       14.42                  13
43                       14.15                  14
44                       14.55                  14
45                       14.12                  15
46                       14.27                  14
47                       14.08                  13
48                       14.07                  14
49                       14.15                  12
50                       14.11                  14
51                       14.05                  14
52                       14.03                  13
53                       14.65                  15
54                       14.46                  16
55                       14.26                  15
56                       14.12                  15
57                       14.03                  13
58                       14.13                  16
59                       14.64                  16
60                       14.16                  16
61                       14.08                  15
62                       14.06                  16
63                       14.16                  18
64                       14.15                  15
65                       14.07                  16
66                       14.33                  14
67                       14.13                  13
68                       14.03                  14
69                       14.04                  14
70                       14.04                  10
71                       13.94                  10
72                       14.14                  11
73                       14.10                  14
74                       14.49                  14
75                       14.26                  15
76                       14.11                  13
77                       14.73                  15
78                       14.42                  16
79                       14.44                  18
80                       14.41                  14
81                       14.51                  16
82                       14.47                  16
83                       14.68                  18
84                       14.55                  17
85                       14.55                  17
86                       14.54                  15
87                       14.63                  15
88                       14.60                  14
89                       14.71                  18
90                       14.75                  16
91                       14.68                  15
92                       14.64                  16
93                       14.64                  16
94                       14.84                  15
95                       14.85                  17
96                       14.84                  15
97                       14.71                  15
98                       14.75                  15
99                       14.70                  17
100                      14.95                  15
101                      14.96                  16
102                      15.64                  15
103                      15.26                  15
104                      15.02                  16
105                      18.97                  16
106                      32.21                  19
107                      29.76                  21
108                      16.02                  19
109                      15.12                  18
110                      40.09                  16
111                      15.99                  17
112                      15.59                  18
113                      39.97                  13
114                      25.21                  12
115                      15.95                  15
116                      28.74                  14
117                      34.25                  15
118                      15.87                  18
119                      28.43                  19
120                      32.32                  17
121                      15.70                  17
122                      14.70                  16
123                      36.44                  15
124                      15.74                  15
125                      14.87                  15
126                      39.59                  12
127                      17.46                  14
128                      16.13                  15
129                      37.10                  14
130                      24.80                  13
131                      14.93                  15
132                      29.07                  13
133                      26.85                  15
134                      15.59                  15
135                      35.43                  16
136                      31.40                  13
137                      16.28                  14
138                      16.02                  13
139                      28.46                  14
140                      15.64                  13
141                      14.74                  14
142                      33.81                  16
143                      15.15                  15
144                      14.93                  12
145                      30.39                  13
146                      16.03                  16
147                      15.57                  13
148                      32.55                  12
149                      26.14                  12
150                      16.36                  14
151                      38.14                  12
152                      15.21                  15
153                      14.57                  14
154                      14.30                  17
155                      27.90                  14
156                      16.22                  16
157                      31.27                  14
158                      21.15                  12
159                      15.62                  13
160                      15.13                  14
161                      36.04                  14
162                      15.60                  14
163                      15.24                  14
164                      28.88                  15
165                      15.66                  14
166                      14.87                  11
167                      38.17                  13
168                      15.54                  14
169                      15.09                  14
170                      28.80                  15
171                      28.45                  13
172                      15.98                  15
173                      15.98                  15
174                      27.10                  14
175                      15.92                  16
176                      36.99                  13
177                      19.31                  14
178                      15.52                  13
179                      31.94                  15
180                      29.71                  14
181                      15.70                  15
182                      15.01                  15
183                      39.85                  15
184                      15.88                  14
185                      15.54                  15
186                      38.74                  14
187                      21.32                  17
188                      15.70                  16
189                      39.37                  15
190                      16.30                  17
191                      15.93                  17
192                      38.42                  15
193                      15.09                  17
194                      14.78                  17
195                      33.02                  16
196                      31.78                  14
197                      15.62                  14
198                      14.92                  18
199                      34.65                  17
200                      15.94                  14
201                      34.56                  13
202                      18.90                  11
203                      15.40                  11
204                      14.98                  14
205                      29.48                  13
206                      15.44                  12
207                      14.37                  14
208                      38.57                  14
209                      16.09                  12
210                      14.93                  13
211                      37.66                  12
212                      15.62                  12
213                      15.56                  11
214                      38.19                  11
215                      15.68                  13
216                      15.25                  13
217                      42.44                  12
218                      15.99                  13
219                      15.94                  13
220                      29.26                  14
221                      24.65                  16
222                      15.26                  16
223                      27.90                  17
224                      25.17                  17
225                      15.82                  13
226                      30.05                  13
227                      29.76                  13
228                      15.80                  13
229                      14.83                  13
230                      38.52                  13
231                      15.65                  14
232                      15.34                  13
233                      36.52                  14
234                      33.03                  14
235                      16.20                  13
236                      40.32                  17
237                      30.24                  15
238                      15.41                  14
239                      33.97                  12
240                      36.10                  13
241                      15.97                  15
242                      15.73                  14
243                      39.31                  13
244                      20.41                  14
245                      15.50                  13
246                      36.96                  13
247                      33.50                  13
248                      15.19                  14
249                      35.55                  12
250                      26.93                  14
251                      16.05                  13
252                      35.48                  13
253                      35.46                  13
254                      16.00                  14
255                      16.01                  18
256                      44.23                  17
257                      17.58                  18
258                      16.47                  19
259                      46.27                  20
260                      15.70                  20
261                      30.46                  20
262                      38.35                  18
263                      16.32                  22
264                      16.27                  22
265                      43.82                  17
266                      26.12                  18
267                      15.54                  20
268                      43.13                  19
269                      37.18                  21
270                      15.75                  19
271                      35.72                  18
272                      42.82                  18
273                      15.85                  19
274                      38.64                  18
275                      42.54                  18
276                      15.98                  18
277                      38.87                  16
278                      41.81                  15
279                      15.89                  17
280                      39.80                  18
281                      42.31                  17
282                      15.84                  20
283                      39.25                  20
284                      39.79                  20
285                      16.06                  20
286                      40.13                  22
287                      43.14                  21
288                      16.15                  21
289                      35.89                  22
290                      42.95                  22
291                      15.54                  17
292                      35.82                  17
293                      43.12                  20
294                      15.82                  15
295                      39.63                  18
296                      34.21                  17
297                      15.94                  22
298                      30.32                  23
299                      42.24                  21
300                      15.95                  21
301                      27.80                  21
302                      43.43                  21
303                      17.94                  23
304                      31.03                  22
305                      42.73                  22
306                      16.45                  20
307                      30.31                  19
308                      42.18                  19
309                      16.39                  19
310                      27.75                  19
311                      42.40                  20
312                      17.30                  22
313                      23.25                  22
314                      44.43                  22
315                      20.18                  23
316                      15.76                  24
317                      43.69                  24
318                      28.30                  24
319                      16.09                  24
320                      35.19                  22
321                      39.09                  21
322                      15.83                  22
323                      32.66                  22
324                      45.71                  21
325                      15.85                  21
326                      30.84                  21
327                      43.67                  21
328                      45.78                  22
329                      43.93                  23
330                      43.32                  25
331                      43.88                  24
332                      43.31                  22
333                      42.39                  23
334                      44.14                  23
335                      43.81                  19
336                      42.45                  23
337                      44.45                  23
338                      43.08                  21
339                      43.17                  20
340                      45.54                  18
341                      44.32                  20
342                      42.77                  18
343                      45.20                  15
344                      44.36                  16
345                      43.47                  17
346                      45.33                  21
347                      43.45                  21
348                      17.54                  19
349                      16.08                  20
350                      16.03                  18
351                      32.99                  18
352                      24.28                  18
353                      16.02                  20
354                      16.46                  18
355                      17.90                  19
356                      38.63                  16
357                      15.84                  17
358                      15.72                  19
359                      15.90                  19
360                      31.29                  16
361                      23.44                  17
362                      15.97                  18
363                      15.84                  17
364                      16.11                  16
365                      44.52                  17
366                      15.81                  17
367                      16.13                  16
368                      16.79                  20
369                      33.79                  20
370                      22.08                  19
371                      15.53                  22
372                      15.53                  24
373                      15.53                  24
374                      46.09                  23
375                      15.86                  21
376                      15.64                  20
377                      15.63                  22
378                      35.87                  19
379                      22.36                  20
380                      16.09                  20
381                      15.83                  17
382                      15.81                  17
383                      43.58                  19
384                      16.02                  19
385                      15.81                  20
386                      27.58                  19
387                      26.29                  19
388                      15.90                  17
389                      28.08                  20
390                      43.74                  20
391                      16.33                  19
392                      27.48                  20
393                      43.79                  20
394                      17.99                  19
395                      31.75                  19
396                      40.03                  23
397                      16.07                  19
398                      18.06                  19
399                      43.12                  19
400                      20.38                  20
401                      15.95                  20
402                      40.25                  20
403                      31.11                  16
404                      15.74                  19
405                      27.04                  18
406                      42.42                  16
407                      17.88                  17
408                      15.76                  19
409                      42.72                  18
410                      15.87                  17
411                      32.56                  14
412                      38.67                  20
413                      16.05                  16
414                      15.66                  22
415                      41.55                  20
416                      16.18                  19
417                      15.85                  20
418                      42.09                  17
419                      27.93                  19
420                      15.98                  20
421                      38.52                  19
422                      19.92                  18
423                      16.24                  21
424                      34.91                  19
425                      15.48                  15
426                      15.81                  17
427                      35.43                  18
428                      27.45                  18
429                      15.10                  21
430                      14.77                  16
431                      35.68                  21
432                      16.28                  20
433                      15.74                  20
434                      35.34                  22
435                      16.30                  19
436                      29.09                  19
437                      32.82                  19
438                      16.10                  18
439                      15.70                  15
440                      37.13                  18
441                      22.76                  17
442                      16.44                  20
443                      38.73                  21
444                      17.16                  23
445                      15.42                  20
446                      36.21                  20
447                      19.54                  21
448                      16.01                  18
449                      29.74                  20
450                      30.82                  19
451                      16.13                  19
452                      14.92                  16
453                      15.47                  17
454                      15.59                  17
455                      14.61                  20
456                      21.44                  17
457                      15.38                  19
458                      14.49                  18
459                      27.99                  20
460                      15.98                  19
461                      15.70                  20
462                      26.63                  19
463                      15.37                  24
464                      14.65                  23
465                      28.14                  24
466                      15.92                  22
467                      15.76                  25
468                      14.69                  21
469                      15.38                  26
470                      14.70                  22
471                      14.54                  23
472                      16.15                  22
473                      15.47                  25
474                      25.64                  23
475                      18.35                  23
476                      14.95                  26
477                      14.44                  21
478                      20.69                  24
479                      14.64                  23
480                      30.08                  24
481                      15.31                  21
482                      16.09                  21
483                      15.18                  26
484                      38.92                  21
485                      16.04                  24
486                      15.30                  20
487                      35.60                  24
488                      22.34                  19
489                      15.71                  20
490                      39.05                  21
491                      22.85                  23
492                      16.04                  21
493                      16.01                  22
494                      34.82                  21
495                      15.79                  17
496                      15.48                  19
497                      40.79                  19
498                      16.00                  19
499                      29.76                  19
500                      24.14                  20
501                      16.35                  20
502                      16.11                  20
503                      41.56                  17
504                      16.39                  18
505                      16.10                  19
506                      34.52                  18
507                      27.76                  18
508                      16.36                  17
509                      34.35                  18
510                      27.91                  17
511                      16.43                  22
512                      15.58                  20
513                      38.54                  20
514                      23.82                  21
515                      16.41                  21
516                      39.40                  21
517                      23.11                  23
518                      16.82                  21
519                      40.78                  19
520                      22.53                  23
521                      16.35                  19
522                      34.61                  19
523                      30.95                  22
524                      16.32                  20
525                      27.59                  20
526                      42.88                  21
527                      16.80                  18
528                      15.44                  19
529                      37.50                  19
530                      40.57                  20
531                      17.85                  21
532                      17.15                  20
533                      38.32                  19
534                      28.69                  20
535                      16.50                  20
536                      15.75                  19
537                      35.95                  19
538                      28.33                  19
539                      16.00                  18
540                      15.99                  17
541                      38.04                  17
542                      25.31                  18
543                      15.74                  22
544                      35.48                  19
545                      28.00                  20
546                      16.05                  18
547                      16.03                  21
548                      22.99                  21
549                      15.84                  22
550                      35.76                  25
551                      16.63                  17
552                      16.01                  17
553                      15.95                  18
554                      22.08                  16
555                      15.12                  16
556                      28.95                  18
557                      24.80                  18
558                      15.99                  17
559                      15.06                  18
560                      25.52                  17
561                      15.11                  16
562                      36.93                  16
563                      15.58                  16
564                      16.46                  15
565                      16.09                  15
566                      30.93                  16
567                      15.74                  16
568                      14.80                  17
569                      24.18                  18
570                      16.78                  18
571                      16.00                  20
572                      38.23                  19
573                      15.68                  19
574                      15.18                  17
575                      42.38                  18
576                      15.90                  19
577                      16.17                  17
578                      29.48                  18
579                      36.19                  17
580                      16.33                  17
581                      31.00                  17
582                      33.50                  15
583                      16.34                  15
584                      32.62                  17
585                      40.95                  19
586                      15.98                  18
587                      35.89                  17
588                      35.92                  16
589                      15.98                  16
590                      30.98                  16
591                      42.83                  15
592                      15.92                  16
593                      16.44                  16
594                      42.56                  17
595                      16.48                  17
596                      31.28                  17
597                      42.91                  16
598                      16.16                  16
599                      15.99                  16
600                      45.14                  16
601                      29.02                  17
602                      15.96                  17
603                      40.15                  16
604                      31.13                  17
605                      15.99                  17
606                      40.73                  16
607                      31.25                  15
608                      16.32                  16
609                      30.96                  15
610                      43.36                  16
611                      15.95                  17
612                      15.76                  17
613                      43.10                  18
614                      26.34                  18
615                      15.96                  16
616                      37.89                  17
617                      34.14                  17
618                      16.21                  18
619                      16.00                  18
620                      44.07                  18
621                      15.74                  19
622                      15.46                  19
623                      41.86                  18
624                      16.13                  21
625                      32.53                  19
626                      38.60                  21
627                      16.01                  21
628                      15.98                  21
629                      40.24                  20
630                      32.03                  19
631                      15.46                  19
632                      26.30                  17
633                      43.14                  18
634                      16.05                  17
635                      15.93                  14
636                      39.27                  15
637                      20.57                  16
638                      16.60                  17
639                      39.95                  16
640                      34.59                  18
641                      15.67                  17
642                      37.88                  16
643                      15.64                  18
644                      15.73                  18
645                      15.69                  18
646                      24.50                  16
647                      16.00                  18
648                      14.84                  18
649                      19.00                  18
650                      15.99                  21
651                      15.45                  22
652                      26.53                  21
653                      15.52                  21
654                      14.44                  21
655                      37.68                  20
656                      16.22                  18
657                      14.91                  17
658                      38.51                  18
659                      15.68                  19
660                      14.69                  19
661                      32.22                  19
662                      21.82                  22
663                      14.82                  20
664                      35.33                  21
665                      17.19                  19
666                      15.97                  20
667                      40.23                  20
668                      15.37                  21
669                      15.11                  21
670                      28.74                  20
671                      23.55                  20
672                      15.36                  19
673                      39.20                  20
674                      15.95                  20
675                      16.22                  21
676                      33.60                  20
677                      29.86                  18
678                      16.25                  19
679                      15.85                  22
680                      37.70                  22
681                      16.26                  22
682                      15.61                  22
683                      34.74                  21
684                      21.35                  21
685                      16.24                  22
686                      35.03                  21
687                      27.59                  20
688                      16.01                  19
689                      36.30                  21
690                      23.03                  19
691                      15.99                  19
692                      15.87                  17
693                      29.46                  19
694                      16.18                  19
695                      14.99                  19
696                      36.88                  18
697                      15.93                  19
698                      14.95                  18
699                      39.95                  19
700                      22.22                  20
701                      15.04                  21
702                      19.59                  21
703                      30.98                  20
704                      16.21                  20
705                      15.35                  22
706                      32.37                  19
707                      16.89                  23
708                      16.46                  24
709                      41.43                  23
710                      15.77                  22
711                      26.62                  22
712                      42.50                  23
713                      16.25                  25
714                      16.19                  25
715                      40.68                  24
716                      16.00                  23
717                      15.95                  22
718                      39.17                  19
719                      26.10                  22
720                      16.22                  22
721                      30.61                  23
722                      29.88                  24
723                      16.25                  25
724                      16.44                  23
725                      40.82                  26
726                      16.03                  22
727                      16.05                  25
728                      40.12                  24
729                      15.62                  23
730                      16.21                  26
731                      40.12                  24
732                      16.08                  18
733                      15.99                  18
734                      39.83                  21
735                      22.95                  24
736                      16.17                  21
737                      34.80                  18
738                      19.16                  21
739                      16.46                  19
740                      30.07                  19
741                      25.87                  20
742                      16.31                  19
743                      15.75                  20
744                      26.07                  19
745                      16.02                  16
746                      16.19                  19
747                      27.54                  17
748                      16.44                  19
749                      16.05                  24
750                      27.35                  23
751                      16.34                  22
752                      16.00                  21
753                      37.30                  20
754                      25.50                  22
755                      15.95                  20
756                      14.98                  20
757                      27.07                  20
758                      15.80                  15
759                      14.84                  19
760                      38.57                  17
761                      15.01                  18
762                      14.61                  17
763                      38.27                  20
764                      15.96                  20
765                      15.59                  21
766                      38.48                  23
767                      15.57                  22
768                      14.69                  21
769                      38.83                  17
770                      23.09                  20
771                      16.85                  17
772                      38.91                  19
773                      29.24                  16
774                      16.47                  18
775                      16.62                  15
776                      40.19                  19
777                      16.58                  19
778                      15.83                  19
779                      38.67                  21
780                      16.23                  20
781                      15.93                  18
782                      39.23                  18
783                      18.12                  20
784                      16.06                  20
785                      38.61                  19
786                      20.34                  17
787                      16.00                  19
788                      15.94                  19
789                      31.96                  19
790                      15.85                  20
791                      15.18                  19
792                      33.81                  16
793                      16.28                  17
794                      15.71                  17
795                      38.02                  17
796                      16.22                  19
797                      29.34                  17
798                      30.14                  18
799                      15.90                  15
800                      15.74                  18
801                      37.87                  18
802                      17.94                  18
803                      15.97                  21
804                      37.79                  19
805                      22.62                  20
806                      15.86                  20
807                      15.31                  18
808                      33.02                  19
809                      16.15                  18
810                      27.07                  19
811                      35.58                  20
812                      15.85                  17
813                      14.91                  16
814                      40.85                  19
815                      16.01                  17
816                      16.01                  21
817                      42.30                  22
818                      16.02                  22
819                      15.94                  21
820                      38.49                  20
821                      40.75                  22
822                      26.34                  24
823                      16.46                  23
824                      16.71                  24
825                      37.84                  24
826                      29.30                  23
827                      16.24                  21
828                      16.90                  21
829                      35.32                  21
830                      31.91                  22
831                      15.72                  22
832                      15.36                  20
833                      29.57                  19
834                      35.94                  16
835                      16.44                  19
836                      40.34                  20
837                      31.95                  21
838                      16.23                  19
839                      31.47                  19
840                      43.69                  18
841                      16.14                  18
842                      31.34                  18
843                      43.41                  17
844                      16.03                  17
845                      31.28                  19
846                      43.64                  20
847                      15.98                  19
848                      15.73                  19
849                      43.84                  23
850                      29.51                  21
851                      15.85                  20
852                      32.34                  19
853                      37.90                  17
854                      16.03                  17
855                      30.43                  16
856                      44.13                  17
857                      16.03                  19
858                      31.12                  21
859                      43.86                  23
860                      16.15                  21
861                      18.45                  22
862                      44.32                  22
863                      27.22                  22
864                      16.07                  22
865                      40.53                  22
866                      23.32                  23
867                      15.92                  21
868                      15.85                  22
869                      43.66                  20
870                      20.42                  20
871                      15.48                  21
872                      39.73                  19
873                      18.51                  22
874                      15.82                  22
875                      39.06                  20
876                      16.06                  22
877                      15.99                  24
878                      39.64                  21
879                      17.85                  23
880                      15.40                  23
881                      39.53                  24
882                      18.06                  22
883                      16.21                  23
884                      31.65                  23
885                      33.13                  21
886                      15.27                  20
887                      31.36                  21
888                      35.16                  19
889                      16.26                  21
890                      29.06                  21
891                      30.69                  21
892                      15.99                  20
893                      15.24                  21
894                      36.00                  21
895                      15.14                  22
896                      15.27                  20
897                      38.51                  21
898                      32.45                  20
899                      16.23                  18
900                      43.36                  21
901                      37.80                  22
902                      16.23                  20
903                      43.99                  19
904                      37.83                  18
905                      16.10                  19
906                      41.23                  20
907                      32.45                  19
908                      16.52                  20
909                      41.87                  20
910                      33.18                  22
911                      16.23                  22
912                      41.57                  22
913                      41.31                  22
914                      16.03                  23
915                      41.75                  22
916                      41.46                  23
917                      16.17                  20
918                      41.79                  20
919                      41.51                  17
920                      16.28                  16
921                      40.80                  16
922                      40.50                  19
923                      16.00                  17
924                      42.94                  17
925                      41.24                  20
926                      16.22                  19
927                      41.67                  18
928                      16.06                  20
929                      15.82                  23
930                      15.76                  22
931                      32.90                  21
932                      24.24                  20
933                      16.23                  22
934                      15.95                  20
935                      32.12                  21
936                      15.46                  19
937                      15.35                  17
938                      27.14                  21
939                      16.68                  19
940                      16.70                  20
941                      31.25                  17
942                      15.99                  19
943                      36.18                  17
944                      15.75                  13
945                      15.77                  13
946                      15.74                  13
947                      38.63                  12
948                      17.21                  12
949                      14.90                  12
950                      36.01                  16
951                      16.39                  16
952                      16.25                  13
953                      39.20                  13
954                      15.96                  11
955                      15.48                  13
956                      29.86                  12
957                      21.56                  13
958                      15.12                  11
959                      37.76                  11
960                      35.09                  13
961                      16.22                  12
962                      32.58                  13
963                      45.76                  14
964                      16.11                  12
965                      32.97                  13
966                      45.67                  15
967                      16.04                  13
968                      30.64                  13
969                      42.82                  12
970                      16.13                  13
971                      31.14                  13
972                      22.98                  14
973                      16.25                  14
974                      41.53                  14
975                      33.19                  15
976                      16.31                  15
977                      35.25                  13
978                      40.35                  13
979                      16.03                  13
980                      32.95                  12
981                      46.18                  12
982                      16.79                  13
983                      32.60                  14
984                      45.70                  14
985                      16.08                  13
986                      31.95                  14
987                      44.30                  14
988                      16.03                  13
989                      30.61                  13
990                      42.10                  12
991                      15.76                  13
992                      16.04                  13
993                      39.75                  13
994                      29.56                  13
995                      15.96                  14
996                      15.84                  14
997                      40.76                  12
998                      33.23                  13
999                      16.34                  14
1000                     39.02                  17
1001                     26.20                  15
1002                     16.21                  15
1003                     16.08                  15
1004                     45.07                  16
1005                     29.43                  16
1006                     15.92                  14
1007                     15.75                  14
1008                     43.06                  15
1009                     25.66                  14
1010                     15.43                  16
1011                     37.53                  17
1012                     27.24                  16
1013                     15.79                  17
1014                     29.23                  16
1015                     36.88                  15
1016                     16.13                  15
1017                     15.92                  16
1018                     38.01                  15
1019                     16.02                  14
1020                     27.75                  14
1021                     36.42                  13
1022                     16.20                  14
1023                     18.12                  13
1024                     41.41                  12
1025                     16.21                  14
1026                     16.01                  14
1027                     44.71                  15
1028                     18.01                  16
1029                     16.56                  16
1030                     44.85                  16
1031                     20.34                  13
1032                     16.38                  13
1033                     38.91                  13
1034                     15.99                  13
1035                     15.99                  13
1036                     40.42                  15
1037                     28.60                  14
1038                     16.23                  16
1039                     16.03                  14
1040                     44.51                  16
1041                     20.50                  14
1042                     16.38                  13
1043                     40.97                  16
1044                     24.04                  14
1045                     16.25                  15
1046                     38.61                  14
1047                     18.19                  14
1048                     16.06                  14
1049                     42.00                  13
1050                     16.42                  11
1051                     16.42                  13
1052                     42.61                  10
1053                     20.39                  14
1054                     15.79                  13
1055                     34.86                  12
1056                     28.33                  13
1057                     16.32                  17
1058                     34.65                  15
1059                     28.66                  16
1060                     16.19                  16
1061                     15.89                  16
1062                     35.81                  14
1063                     16.40                  14
1064                     30.31                  14
1065                     39.87                  17
1066                     16.21                  15
1067                     15.94                  14
1068                     40.38                  14
1069                     16.23                  11
1070                     15.67                  14
1071                     37.35                  13
1072                     28.86                  12
1073                     15.81                  13
1074                     37.30                  14
1075                     20.92                  12
1076                     17.06                  15
1077                     36.05                  18
1078                     31.97                  17
1079                     15.84                  15
1080                     26.30                  16
1081                     37.88                  18
1082                     16.66                  14
1083                     15.79                  12
1084                     35.21                  11
1085                     16.21                  13
1086                     32.12                  11
1087                     38.82                  17
1088                     16.25                  17
1089                     16.01                  17
1090                     40.18                  19
1091                     16.02                  17
1092                     15.68                  17
1093                     39.91                  19
1094                     16.43                  20
1095                     15.73                  21
1096                     38.39                  18
1097                     22.87                  16
1098                     15.58                  18
1099                     40.46                  16
1100                     21.75                  17
1101                     16.68                  17
1102                     41.80                  15
1103                     24.11                  17
1104                     16.22                  17
1105                     35.74                  16
1106                     31.51                  17
1107                     16.00                  16
1108                     39.80                  17
1109                     30.94                  17
1110                     16.02                  16
1111                     16.00                  16
1112                     41.27                  16
1113                     24.12                  21
1114                     15.92                  17
1115                     37.90                  17
1116                     25.98                  16
1117                     16.26                  17
1118                     32.02                  17
1119                     33.52                  14
1120                     16.29                  13
1121                     16.80                  16
1122                     31.84                  14
1123                     16.09                  13
1124                     16.31                  13
1125                     40.00                  14
1126                     16.92                  15
1127                     16.42                  14
1128                     31.09                  15
1129                     30.16                  12
1130                     16.61                  15
1131                     29.59                  14
1132                     33.26                  14
1133                     16.78                  13
1134                     16.56                  15
1135                     40.69                  17
1136                     16.27                  15
1137                     16.35                  13
1138                     38.82                  16
1139                     16.79                  16
1140                     16.59                  17
1141                     37.69                  18
1142                     26.68                  15
1143                     15.52                  15
1144                     30.89                  17
1145                     26.96                  17
1146                     16.59                  17
1147                     30.04                  17
1148                     31.75                  15
1149                     15.77                  20
1150                     15.52                  14
1151                     34.63                  14
1152                     16.58                  17
1153                     39.90                  15
1154                     20.54                  15
1155                     17.11                  13
1156                     19.32                  13
1157                     46.22                  14
1158                     16.79                  15
1159                     16.15                  16
1160                     38.23                  17
1161                     16.61                  18
1162                     16.19                  14
1163                     37.37                  14
1164                     26.60                  12
1165                     15.69                  13
1166                     36.77                  14
1167                     27.25                  16
1168                     17.07                  16
1169                     16.71                  14
1170                     29.12                  14
1171                     16.43                  15
1172                     32.55                  16
1173                     31.54                  15
1174                     17.06                  18
1175                     17.10                  18
1176                     40.20                  20
1177                     16.59                  16
1178                     16.40                  18
1179                     40.36                  19
1180                     16.61                  17
1181                     16.61                  17
1182                     40.68                  17
1183                     16.28                  18
1184                     16.16                  15
1185                     43.07                  17
1186                     16.34                  15
1187                     16.25                  16
1188                     40.72                  15
1189                     32.22                  16
1190                     17.32                  15
1191                     16.43                  13
1192                     37.26                  12
1193                     16.42                  13
1194                     16.37                  11
1195                     44.13                  12
1196                     16.21                  12
1197                     30.26                  13
1198                     39.88                  12
1199                     16.30                  14
1200                     15.94                  14
1201                     42.99                  12
1202                     16.35                  11
1203                     16.05                  11
1204                     37.47                  12
1205                     29.29                  11
1206                     15.40                  12
1207                     39.41                  14
1208                     29.90                  12
1209                     16.38                  14
1210                     30.40                  14
1211                     28.63                  15
1212                     16.11                  16
1213                     37.24                  14
1214                     26.59                  15
1215                     16.66                  16
1216                     29.42                  16
1217                     45.12                  16
1218                     16.05                  16
1219                     15.92                  15
1220                     39.37                  17
1221                     18.66                  19
1222                     16.13                  16
1223                     37.59                  16
1224                     27.44                  16
1225                     16.01                  17
1226                     38.34                  14
1227                     28.86                  16
1228                     16.41                  14
1229                     16.36                  14
1230                     40.17                  13
1231                     16.09                  13
1232                     30.71                  14
1233                     39.66                  14
1234                     16.38                  15
1235                     37.82                  15
1236                     34.70                  14
1237                     16.20                  17
1238                     15.96                  17
1239                     41.64                  18
1240                     33.17                  16
1241                     16.21                  13
1242                     37.86                  15
1243                     34.59                  13
1244                     15.99                  13
1245                     15.86                  16
1246                     34.55                  15
1247                     16.01                  14
1248                     15.55                  13
1249                     31.67                  13
1250                     14.70                  15
1251                     14.70                  14
1252                     38.01                  15
1253                     15.95                  15
1254                     15.31                  15
1255                     26.74                  14
1256                     16.18                  13
1257                     15.76                  13
1258                     33.94                  18
1259                     19.46                  15
1260                     15.60                  16
1261                     14.72                  15
1262                     24.55                  15
1263                     15.42                  13
1264                     15.31                  15
1265                     27.48                  13
1266                     16.29                  12
1267                     28.63                  12
1268                     24.76                  15
1269                     16.37                  15
1270                     16.82                  13
1271                     35.51                  12
1272                     15.92                  12
1273                     15.41                  14
1274                     33.09                  14
1275                     22.70                  14
1276                     16.39                  14
1277                     37.00                  15
1278                     31.63                  15
1279                     16.30                  16
1280                     31.14                  15
1281                     43.80                  13
1282                     16.04                  17
1283                     29.15                  14
1284                     44.60                  16
1285                     18.01                  14
1286                     16.18                  14
1287                     44.48                  15
1288                     24.43                  17
1289                     15.84                  17
1290                     38.44                  15
1291                     35.39                  16
1292                     16.16                  15
1293                     31.42                  15
1294                     43.62                  13
1295                     16.21                  13
1296                     25.91                  15
1297                     44.62                  15
1298                     20.53                  13
1299                     38.54                  16
1300                     34.91                  15
1301                     16.43                  18
1302                     31.86                  18
1303                     43.82                  19
1304                     16.02                  18
1305                     29.10                  17
1306                     44.62                  19
1307                     17.98                  17
1308                     16.39                  16
1309                     46.43                  17
1310                     29.34                  15
1311                     16.42                  15
1312                     36.56                  16
1313                     40.58                  14
1314                     16.15                  14
1315                     31.66                  17
1316                     42.64                  15
1317                     16.59                  16
1318                     24.65                  17
1319                     46.33                  17
1320                     20.47                  15
1321                     16.04                  15
1322                     43.09                  14
1323                     33.30                  13
1324                     16.39                  13
1325                     38.13                  13
1326                     38.03                  12
1327                     16.94                  13
1328                     31.16                  14
1329                     43.59                  15
1330                     16.20                  12
1331                     31.53                  15
1332                     45.23                  15
1333                     16.43                  17
1334                     31.24                  17
1335                     40.50                  17
1336                     16.24                  17
1337                     33.69                  15
1338                     38.60                  15
1339                     16.17                  16
1340                     31.38                  12
1341                     27.99                  14
1342                     16.31                  16
1343                     15.26                  16
1344                     33.76                  17
1345                     22.26                  13
1346                     15.03                  15
1347                     14.95                  16
1348                     30.20                  14
1349                     15.71                  14
1350                     15.40                  13
1351                     27.22                  12
1352                     16.86                  15
1353                     16.63                  12
1354                     33.73                  13
1355                     15.61                  14
1356                     30.98                  16
1357                     30.78                  12
1358                     16.90                  14
1359                     16.19                  14
1360                     16.06                  15
1361                     44.30                  13
1362                     15.74                  15
1363                     35.99                  15
1364                     15.75                  14
1365                     15.88                  12
1366                     15.73                  13
1367                     32.31                  12
1368                     16.44                  12
1369                     15.91                  15
1370                     38.70                  16
1371                     16.42                  14
1372                     16.11                  13
1373                     27.43                  11
1374                     16.29                  11
1375                     14.92                  15
1376                     28.61                  12
1377                     18.25                  13
1378                     16.68                  13
1379                     15.18                  14
1380                     20.78                  16
1381                     16.64                  16
1382                     29.49                  15
1383                     25.17                  15
1384                     15.98                  15
1385                     28.72                  16
1386                     25.05                  16
1387                     16.43                  16
1388                     28.78                  17
1389                     24.67                  15
1390                     16.17                  14
1391                     15.73                  14
1392                     29.34                  15
1393                     16.14                  17
1394                     15.87                  15
1395                     36.49                  14
1396                     16.25                  14
1397                     15.31                  16
1398                     14.94                  14
1399                     20.64                  16
1400                     16.34                  15
1401                     35.47                  13
1402                     15.88                  13
1403                     16.15                  14
1404                     29.00                  14
1405                     26.46                  14
1406                     16.78                  13
1407                     31.11                  15
1408                     34.41                  13
1409                     16.16                  14
1410                     16.06                  14
1411                     38.64                  13
1412                     15.97                  11
1413                     15.95                  13
1414                     35.74                  14
1415                     16.45                  13
1416                     16.42                  14
1417                     39.76                  13
1418                     15.97                  13
1419                     16.02                  13
1420                     39.90                  14
1421                     16.06                  14
1422                     26.31                  15
1423                     34.82                  16
1424                     16.64                  16
1425                     16.73                  16
1426                     40.27                  14
1427                     17.61                  13
1428                     16.32                  13
1429                     38.72                  15
1430                     16.13                  15
1431                     16.58                  13
1432                     37.10                  16
1433                     28.58                  14
1434                     15.80                  14
1435                     26.81                  14
1436                     30.98                  15
1437                     16.10                  16
1438                     14.85                  14
1439                     33.96                  12
1440                     15.56                  12
1441                     15.53                  12
1442                     33.44                  14
1443                     22.75                  13
1444                     15.23                  13
1445                     31.68                  11
1446                     26.75                  12
1447                     15.88                  13
1448                     33.93                  16
1449                     19.27                  12
1450                     16.92                  13
1451                     16.72                  13
1452                     31.25                  11
1453                     16.51                  13
1454                     16.45                  16
1455                     36.67                  17
1456                     16.01                  17
1457                     16.62                  18
1458                     30.64                  18
1459                     23.16                  19
1460                     15.74                  19
1461                     36.60                  20
1462                     15.96                  21
1463                     16.44                  20
1464                     29.83                  19
1465                     29.16                  18
1466                     16.40                  17
1467                     26.69                  19
1468                     43.28                  20
1469                     16.07                  19
1470                     15.97                  20
1471                     38.15                  19
1472                     16.71                  19
1473                     16.44                  19
1474                     44.25                  17
1475                     24.06                  15
1476                     16.43                  16
1477                     40.73                  17
1478                     26.96                  17
1479                     16.39                  18
1480                     31.37                  17
1481                     43.84                  19
1482                     16.00                  20
1483                     31.74                  21
1484                     40.00                  20
1485                     16.46                  17
1486                     16.41                  19
1487                     45.05                  21
1488                     16.21                  22
1489                     16.00                  20
1490                     37.56                  20
1491                     32.57                  21
1492                     14.99                  17
1493                     39.57                  18
1494                     34.03                  18
1495                     16.36                  16
1496                     30.94                  18
1497                     43.80                  18
1498                     16.45                  20
1499                     16.45                  20
1500                     41.89                  21
1501                     16.23                  20
1502                     35.26                  21
1503                     45.04                  20
1504                     16.23                  21
1505                     39.25                  22
1506                     44.27                  20
1507                     16.35                  20
1508                     37.89                  20
1509                     45.08                  20
1510                     16.20                  19
1511                     37.65                  19
1512                     44.51                  23
1513                     16.26                  23
1514                     38.62                  24
1515                     44.31                  21
1516                     16.05                  23
1517                     37.87                  22
1518                     44.53                  23
1519                     16.35                  22
1520                     37.71                  23
1521                     44.89                  22
1522                     16.19                  21
1523                     37.68                  21
1524                     44.72                  20
1525                     16.29                  21
1526                     38.85                  23
1527                     38.21                  24
1528                     16.46                  24
1529                     38.71                  22
1530                     16.26                  22
1531                     16.20                  24
1532                     16.36                  23
1533                     31.21                  23
1534                     27.41                  21
1535                     16.52                  24
1536                     16.25                  23
1537                     15.99                  21
1538                     38.18                  20
1539                     15.69                  25
1540                     14.76                  22
1541                     31.94                  19
1542                     15.83                  18
1543                     15.74                  17
1544                     27.49                  18
1545                     15.95                  19
1546                     15.20                  20
1547                     36.27                  19
1548                     16.32                  21
1549                     16.16                  21
1550                     15.57                  21
1551                     16.35                  18
1552                     16.35                  21
1553                     16.18                  17
1554                     29.29                  18
1555                     16.07                  19
1556                     14.84                  17
1557                     29.16                  17
1558                     16.89                  19
1559                     15.77                  19
1560                     32.84                  17
1561                     16.28                  18
1562                     16.43                  18
1563                     34.93                  19
1564                     15.48                  16
1565                     15.40                  19
1566                     36.19                  17
1567                     16.20                  16
1568                     16.38                  18
1569                     15.32                  20
1570                     16.26                  20
1571                     15.98                  19
1572                     30.35                  21
1573                     22.85                  21
1574                     16.38                  23
1575                     15.12                  24
1576                     29.24                  22
1577                     16.76                  24
1578                     16.44                  22
1579                     30.96                  20
1580                     16.35                  19
1581                     15.83                  22
1582                     15.05                  22
1583                     16.83                  20
1584                     16.96                  19
1585                     36.11                  16
1586                     15.57                  16
1587                     16.41                  16
1588                     34.58                  19
1589                     15.86                  19
1590                     16.53                  19
1591                     33.85                  19
1592                     19.59                  19
1593                     16.39                  21
1594                     16.10                  18
1595                     40.03                  20
1596                     18.59                  22
1597                     16.06                  21
1598                     44.19                  20
1599                     26.30                  20
1600                     16.40                  19
1601                     37.93                  20
1602                     22.54                  18
1603                     16.20                  18
1604                     31.56                  18
1605                     38.50                  18
1606                     16.43                  15
1607                     16.37                  16
1608                     40.50                  18
1609                     16.35                  19
1610                     15.96                  20
1611                     39.53                  18
1612                     21.42                  20
1613                     16.20                  17
1614                     35.08                  17
1615                     29.48                  20
1616                     16.63                  17
1617                     16.37                  20
1618                     36.27                  19
1619                     16.23                  19
1620                     15.05                  21
1621                     39.58                  17
1622                     27.98                  19
1623                     16.26                  17
1624                     38.20                  16
1625                     29.50                  15
1626                     16.68                  14
1627                     16.64                  18
1628                     32.57                  17
1629                     15.63                  18
1630                     14.45                  15
1631                     27.99                  20
1632                     15.14                  19
1633                     15.32                  24
1634                     26.97                  23
1635                     15.04                  20
1636                     14.45                  22
1637                     31.43                  17
1638                     15.41                  18
1639                     14.80                  17
1640                     34.66                  20
1641                     15.89                  17
1642                     15.75                  21
1643                     29.59                  21
1644                     15.51                  22
1645                     15.43                  21
1646                     15.11                  24
1647                     15.51                  21
1648                     15.53                  19
1649                     14.75                  22
1650                     33.89                  19
1651                     15.15                  18
1652                     15.34                  19
1653                     31.38                  18
1654                     15.20                  17
1655                     15.04                  20
1656                     30.43                  18
1657                     18.56                  19
1658                     15.63                  20
1659                     35.61                  18
1660                     32.29                  18
1661                     16.68                  18
1662                     41.08                  15
1663                     32.31                  22
1664                     16.18                  23
1665                     31.19                  22
1666                     44.07                  22
1667                     16.16                  24
1668                     36.01                  21
1669                     37.59                  21
1670                     16.62                  25
1671                     31.01                  22
1672                     43.91                  27
1673                     16.23                  25
1674                     28.88                  25
1675                     44.98                  23
1676                     18.61                  24
1677                     16.44                  23
1678                     46.16                  24
1679                     29.77                  22
1680                     16.22                  22
1681                     33.42                  21
1682                     42.98                  23
1683                     16.41                  25
1684                     39.47                  22
1685                     34.10                  22
1686                     16.17                  21
1687                     31.05                  20
1688                     44.24                  20
1689                     16.09                  21
1690                     17.93                  21
1691                     43.87                  23
1692                     16.54                  19
1693                     16.48                  19
1694                     35.55                  21
1695                     31.74                  19
1696                     16.16                  19
1697                     15.35                  18
1698                     33.24                  20
1699                     16.49                  19
1700                     30.33                  20
1701                     31.21                  19
1702                     16.71                  18
1703                     16.35                  17
1704                     34.32                  19
1705                     21.46                  16
1706                     16.41                  18
1707                     40.02                  19
1708                     16.04                  18
1709                     15.99                  17
1710                     38.88                  20
1711                     22.55                  20
1712                     16.01                  19
1713                     32.55                  21
1714                     31.08                  22
1715                     16.10                  22
1716                     15.95                  21
1717                     38.71                  21
1718                     15.98                  20
1719                     15.34                  20
1720                     38.24                  22
1721                     26.25                  21
1722                     15.26                  18
1723                     29.94                  21
1724                     29.93                  21
1725                     16.28                  22
1726                     15.77                  21
1727                     24.58                  19
1728                     16.37                  20
1729                     34.10                  20
1730                     31.02                  21
1731                     16.43                  19
1732                     16.63                  21
1733                     31.36                  19
1734                     16.75                  20
1735                     16.43                  19
1736                     42.07                  19
1737                     16.16                  18
1738                     16.67                  18
1739                     40.45                  18
1740                     15.95                  18
1741                     16.19                  19
1742                     39.29                  20
1743                     16.46                  21
1744                     15.83                  22
1745                     31.23                  22
1746                     32.68                  21
1747                     16.62                  24
1748                     29.20                  25
1749                     34.60                  22
1750                     14.94                  21
1751                     32.54                  21
1752                     32.58                  18
1753                     16.50                  19
1754                     16.08                  17
1755                     40.05                  16
1756                     35.77                  17
1757                     16.29                  17
1758                     42.21                  16
1759                     33.02                  18
1760                     16.41                  18
1761                     41.62                  18
1762                     36.28                  17
1763                     16.38                  15
1764                     41.54                  14
1765                     36.23                  16
1766                     16.46                  17
1767                     45.57                  16
1768                     29.41                  17
1769                     16.12                  19
1770                     41.94                  20
1771                     33.69                  21
1772                     16.25                  21
1773                     39.96                  19
1774                     43.61                  21
1775                     16.06                  19
1776                     40.31                  20
1777                     43.98                  16
1778                     16.24                  16
1779                     41.61                  17
1780                     35.92                  17
1781                     16.77                  17
1782                     41.77                  16
1783                     35.34                  17
1784                     16.46                  17
1785                     41.71                  16
1786                     35.94                  19
1787                     16.49                  18
1788                     29.98                  18
1789                     45.49                  17
1790                     16.32                  17
1791                     23.55                  17
1792                     45.49                  17
1793                     16.36                  16
1794                     16.92                  16
1795                     46.80                  15
1796                     29.89                  15
1797                     16.40                  15
1798                     32.79                  15
1799                     41.71                  16
