index   dl_delay_ms   time_diff_ms    duration_ms   total_ms      packet_size  sync_rtt_ms
--------------------------------------------------------------------------------
1       5.90          -58.22          20.89         26.79         200000      7.44      
2       6.15          -57.97          10.71         16.86         200000      7.44      
3       6.11          -58.00          8.95          15.07         200000      7.44      
4       6.11          -58.01          10.01         16.12         200000      7.44      
5       6.15          -58.11          12.30         18.45         200000      7.97      
6       5.87          -58.39          11.61         17.48         200000      7.97      
7       6.32          -57.94          12.34         18.66         200000      7.97      
8       6.66          -57.60          9.10          15.76         200000      7.97      
9       5.87          -58.34          11.13         16.99         200000      7.39      
10      5.23          -58.98          11.99         17.23         200000      7.39      
11      5.84          -58.38          13.64         19.48         200000      7.39      
12      6.60          -57.61          11.28         17.88         200000      7.39      
13      5.49          -58.72          13.28         18.77         200000      7.39      
14      6.43          -57.88          12.69         19.13         200000      7.90      
15      6.29          -58.02          12.38         18.67         200000      7.90      
16      5.52          -58.79          12.15         17.67         200000      7.90      
17      6.32          -58.00          9.37          15.68         200000      7.90      
18      5.52          -58.51          12.40         17.93         200000      7.70      
19      5.74          -58.29          9.42          15.16         200000      7.70      
20      6.12          -57.91          11.63         17.75         200000      7.70      
21      7.46          -56.57          10.68         18.14         200000      7.70      
22      5.81          -58.26          9.62          15.43         200000      6.48      
23      5.08          -58.99          13.90         18.98         200000      6.48      
24      5.82          -58.24          12.05         17.88         200000      6.48      
25      5.87          -58.20          11.35         17.22         200000      6.48      
26      6.10          -57.97          11.44         17.54         200000      6.48      
27      5.36          -58.52          10.59         15.94         200000      6.71      
28      6.20          -57.68          10.19         16.39         200000      6.71      
29      5.94          -57.94          10.43         16.36         200000      6.71      
30      5.32          -58.55          11.18         16.50         200000      6.71      
31      6.04          -58.07          9.98          16.02         200000      6.95      
32      6.26          -57.86          9.67          15.92         200000      6.95      
33      5.53          -58.59          9.62          15.15         200000      6.95      
34      5.98          -58.13          8.88          14.86         200000      6.95      
35      6.04          -58.01          8.88          14.92         200000      6.48      
36      5.79          -58.26          9.27          15.06         200000      6.48      
37      5.88          -58.17          13.01         18.90         200000      6.48      
38      5.45          -58.61          9.75          15.20         200000      6.48      
39      5.58          -58.62          10.98         16.55         200000      6.21      
40      5.08          -59.12          10.90         15.98         200000      6.21      
41      5.60          -58.60          10.22         15.82         200000      6.21      
42      6.60          -57.59          8.67          15.27         200000      6.21      
43      5.86          -58.34          13.13         18.99         200000      6.21      
44      6.05          -58.12          10.23         16.28         200000      6.54      
45      5.62          -58.55          10.36         15.98         200000      6.54      
46      6.66          -57.51          9.60          16.26         200000      6.54      
47      6.25          -57.92          8.98          15.23         200000      6.54      
48      6.26          -57.86          10.18         16.44         200000      6.51      
49      5.56          -58.56          11.45         17.01         200000      6.51      
50      5.68          -58.44          9.93          15.62         200000      6.51      
51      5.85          -58.27          9.95          15.79         200000      6.51      
52      5.82          -58.30          10.13         15.94         200000      6.49      
53      5.88          -58.24          8.37          14.26         200000      6.49      
54      5.40          -58.72          11.24         16.64         200000      6.49      
55      5.71          -58.41          9.25          14.96         200000      6.49      
56      6.25          -57.87          9.24          15.49         200000      6.49      
57      5.59          -58.49          11.84         17.43         200000      6.49      
58      5.68          -58.40          9.93          15.60         200000      6.49      
59      5.65          -58.42          10.24         15.89         200000      6.49      
60      5.07          -59.01          10.75         15.82         200000      6.49      
61      6.04          -58.00          10.05         16.09         200000      6.75      
62      5.84          -58.19          9.28          15.12         200000      6.75      
63      5.68          -58.36          14.46         20.14         200000      6.75      
64      6.15          -57.89          9.87          16.02         200000      6.75      
65      6.26          -57.66          10.22         16.48         200000      6.63      
66      5.54          -58.38          9.28          14.83         200000      6.63      
67      5.09          -58.83          11.36         16.46         200000      6.63      
68      5.70          -58.22          10.08         15.77         200000      6.63      
69      6.27          -57.65          9.48          15.75         200000      6.63      
70      5.52          -58.62          9.80          15.32         200000      6.26      
71      6.19          -57.94          9.10          15.29         200000      6.26      
72      5.97          -58.17          8.61          14.58         200000      6.26      
73      5.93          -58.21          9.12          15.05         200000      6.26      
74      5.29          -58.58          10.15         15.44         200000      6.97      
75      5.27          -58.60          10.15         15.42         200000      6.97      
76      5.75          -58.11          8.95          14.70         200000      6.97      
77      5.15          -58.71          10.28         15.43         200000      6.97      
78      4.83          -59.13          11.61         16.43         200000      6.91      
79      5.32          -58.63          13.85         19.17         200000      6.91      
80      5.61          -58.34          12.88         18.48         200000      6.91      
81      4.68          -59.28          12.49         17.16         200000      6.91      
82      5.44          -58.51          10.23         15.67         200000      6.91      
83      6.20          -57.89          9.03          15.23         200000      6.35      
84      6.52          -57.58          6.59          13.11         200000      6.35      
85      5.24          -58.86          9.85          15.09         200000      6.35      
86      6.16          -57.93          13.18         19.34         200000      6.35      
87      5.64          -58.42          8.33          13.97         200000      6.38      
88      5.78          -58.28          8.67          14.44         200000      6.38      
89      6.15          -57.90          11.48         17.63         200000      6.38      
90      6.13          -57.93          8.84          14.97         200000      6.38      
91      6.30          -57.70          12.10         18.40         200000      6.71      
92      6.44          -57.56          9.31          15.75         200000      6.71      
93      5.63          -58.36          10.99         16.62         200000      6.71      
94      6.04          -57.96          10.86         16.89         200000      6.71      
95      6.22          -57.67          8.68          14.90         200000      6.81      
96      5.27          -58.61          10.13         15.40         200000      6.81      
97      5.66          -58.22          9.09          14.75         200000      6.81      
98      5.96          -57.92          7.84          13.81         200000      6.81      
99      6.15          -57.73          9.14          15.29         200000      6.81      
100     6.32          -57.70          12.09         18.40         200000      6.59      
101     5.96          -58.05          8.70          14.67         200000      6.59      
102     6.23          -57.79          8.43          14.66         200000      6.59      
103     5.54          -58.48          12.32         17.86         200000      6.59      
104     5.79          -58.12          9.31          15.10         200000      6.66      
105     5.75          -58.16          10.37         16.12         200000      6.66      
106     5.59          -58.32          9.14          14.73         200000      6.66      
107     5.51          -58.40          9.54          15.05         200000      6.66      
108     5.56          -58.54          10.45         16.01         200000      6.77      
109     5.28          -58.81          10.91         16.19         200000      6.77      
110     6.35          -57.74          10.18         16.53         200000      6.77      
111     5.84          -58.26          9.63          15.47         200000      6.77      
112     6.07          -58.02          9.37          15.44         200000      6.77      
113     5.89          -58.01          9.89          15.79         200000      6.77      
114     5.80          -58.11          13.24         19.03         200000      6.77      
115     5.66          -58.25          10.08         15.74         200000      6.77      
116     5.80          -58.11          12.77         18.57         200000      6.77      
117     5.50          -58.49          9.89          15.39         200000      6.56      
118     6.27          -57.71          9.12          15.39         200000      6.56      
119     5.43          -58.56          9.99          15.42         200000      6.56      
120     5.75          -58.23          10.59         16.34         200000      6.56      
121     6.17          -57.82          9.45          15.62         200000      6.67      
122     6.15          -57.83          8.38          14.53         200000      6.67      
123     6.41          -57.57          8.96          15.37         200000      6.67      
124     5.96          -58.02          9.34          15.30         200000      6.67      
125     5.79          -58.19          8.46          14.26         200000      6.67      
126     6.05          -58.15          8.75          14.80         200000      6.72      
127     5.89          -58.31          9.75          15.64         200000      6.72      
128     5.67          -58.53          12.70         18.36         200000      6.72      
129     6.28          -57.92          9.64          15.92         200000      6.72      
130     5.97          -58.11          10.61         16.59         200000      6.65      
131     6.97          -57.12          12.35         19.32         200000      6.65      
132     5.77          -58.31          10.03         15.80         200000      6.65      
133     7.10          -56.99          8.95          16.05         200000      6.65      
134     6.08          -57.97          11.00         17.08         200000      6.43      
135     6.32          -57.72          9.65          15.97         200000      6.43      
136     6.28          -57.77          11.54         17.82         200000      6.43      
137     5.99          -58.05          11.99         17.98         200000      6.43      
138     6.05          -58.00          10.17         16.22         200000      6.43      
139     6.29          -57.73          9.01          15.30         200000      6.50      
140     5.63          -58.40          10.23         15.85         200000      6.50      
141     6.12          -57.90          10.55         16.68         200000      6.50      
142     6.15          -57.88          13.79         19.94         200000      6.50      
143     6.62          -57.35          11.69         18.31         200000      6.52      
144     5.77          -58.20          14.92         20.69         200000      6.52      
145     5.97          -58.00          10.00         15.97         200000      6.52      
146     6.11          -57.86          15.22         21.33         200000      6.52      
147     6.54          -57.43          13.14         19.68         200000      6.47      
148     6.03          -57.94          11.65         17.68         200000      6.47      
149     5.82          -58.15          8.72          14.55         200000      6.47      
150     5.88          -58.09          9.37          15.24         200000      6.47      
151     6.40          -57.57          9.00          15.39         200000      6.47      
152     5.76          -58.16          9.62          15.38         200000      6.51      
153     5.80          -58.11          15.56         21.36         200000      6.51      
154     6.02          -57.89          12.14         18.16         200000      6.51      
155     5.92          -57.99          10.02         15.94         200000      6.51      
156     6.07          -57.91          12.35         18.41         200000      6.45      
157     5.46          -58.52          10.83         16.29         200000      6.45      
158     5.85          -58.13          9.63          15.48         200000      6.45      
159     6.20          -57.78          9.91          16.11         200000      6.45      
160     7.38          -57.42          8.92          16.30         200000      8.34      
161     6.12          -58.68          11.23         17.34         200000      8.34      
162     6.46          -58.33          14.66         21.12         200000      8.34      
163     6.82          -57.97          12.82         19.64         200000      8.34      
164     6.14          -57.86          11.11         17.25         200000      6.30      
165     5.85          -58.16          10.34         16.19         200000      6.30      
166     6.29          -57.72          11.83         18.12         200000      6.30      
167     6.04          -57.96          10.45         16.49         200000      6.30      
168     6.17          -57.83          8.47          14.64         200000      6.30      
169     5.71          -58.07          9.54          15.25         200000      6.87      
170     5.68          -58.11          11.40         17.08         200000      6.87      
171     6.97          -56.81          8.96          15.94         200000      6.87      
172     5.86          -57.93          9.74          15.60         200000      6.87      
173     5.71          -58.26          14.16         19.88         200000      6.56      
174     6.09          -57.89          10.51         16.60         200000      6.56      
175     5.58          -58.40          9.59          15.17         200000      6.56      
176     5.85          -58.12          10.05         15.90         200000      6.56      
177     5.66          -58.33          9.52          15.18         200000      6.54      
178     5.85          -58.14          14.92         20.77         200000      6.54      
179     6.79          -57.20          10.99         17.78         200000      6.54      
180     5.49          -58.50          10.10         15.60         200000      6.54      
181     5.91          -58.08          14.28         20.19         200000      6.54      
182     6.33          -57.55          8.90          15.23         200000      6.66      
183     5.70          -58.18          9.33          15.03         200000      6.66      
184     5.58          -58.30          8.96          14.54         200000      6.66      
185     5.02          -58.85          9.24          14.26         200000      6.66      
186     5.69          -58.11          9.51          15.20         200000      6.79      
187     6.12          -57.69          10.40         16.52         200000      6.79      
188     6.14          -57.67          10.44         16.58         200000      6.79      
189     5.55          -58.25          9.35          14.90         200000      6.79      
190     5.98          -58.03          14.85         20.82         200000      6.74      
191     5.42          -58.59          10.01         15.43         200000      6.74      
192     5.74          -58.27          9.15          14.89         200000      6.74      
193     5.45          -58.56          13.58         19.02         200000      6.74      
194     5.69          -58.32          14.84         20.52         200000      6.74      
195     5.25          -58.71          10.63         15.87         200000      6.37      
196     5.80          -58.16          9.56          15.36         200000      6.37      
197     7.48          -56.47          7.69          15.17         200000      6.37      
198     6.10          -57.85          8.48          14.57         200000      6.37      
199     5.75          -58.00          8.38          14.13         200000      6.81      
200     5.07          -58.68          10.27         15.34         200000      6.81      
201     5.72          -58.03          10.50         16.21         200000      6.81      
202     5.97          -57.78          9.64          15.61         200000      6.81      
203     5.87          -58.02          9.96          15.84         200000      6.50      
204     5.21          -58.68          9.14          14.36         200000      6.50      
205     6.12          -57.77          12.19         18.31         200000      6.50      
206     5.13          -58.76          9.89          15.01         200000      6.50      
207     5.90          -58.00          8.88          14.77         200000      6.50      
208     5.78          -58.26          10.86         16.63         200000      6.24      
209     5.82          -58.22          9.37          15.19         200000      6.24      
210     5.86          -58.18          9.08          14.94         200000      6.24      
211     6.00          -58.04          10.23         16.24         200000      6.24      
212     9.11          -54.78          5.55          14.66         200000      6.55      
213     5.51          -58.38          14.14         19.65         200000      6.55      
214     5.20          -58.69          10.59         15.79         200000      6.55      
215     5.53          -58.36          9.94          15.46         200000      6.55      
216     5.95          -57.96          8.57          14.52         200000      6.52      
217     5.39          -58.51          10.10         15.48         200000      6.52      
218     5.30          -58.61          12.29         17.58         200000      6.52      
219     5.37          -58.54          10.21         15.58         200000      6.52      
220     5.43          -58.37          8.50          13.94         200000      6.73      
221     5.98          -57.82          9.47          15.45         200000      6.73      
222     6.85          -56.95          9.01          15.85         200000      6.73      
223     6.41          -57.39          10.31         16.71         200000      6.73      
224     5.54          -58.26          11.07         16.61         200000      6.73      
225     5.71          -58.20          12.92         18.64         200000      6.63      
226     5.52          -58.39          10.30         15.82         200000      6.63      
227     5.21          -58.70          14.51         19.73         200000      6.63      
228     5.22          -58.69          8.50          13.72         200000      6.63      
229     5.84          -58.04          10.47         16.32         200000      6.70      
230     5.75          -58.14          11.43         17.18         200000      6.70      
231     5.93          -57.95          10.90         16.83         200000      6.70      
232     6.08          -57.81          9.73          15.81         200000      6.70      
233     7.43          -56.99          8.81          16.24         200000      7.71      
234     5.87          -58.55          9.12          14.99         200000      7.71      
235     6.88          -57.54          9.18          16.05         200000      7.71      
236     7.09          -57.33          10.29         17.37         200000      7.71      
237     6.17          -58.24          13.79         19.97         200000      7.71      
238     5.91          -58.02          10.61         16.52         200000      6.56      
239     6.10          -57.83          12.35         18.45         200000      6.56      
240     5.93          -58.01          12.46         18.39         200000      6.56      
241     5.90          -58.03          8.88          14.79         200000      6.56      
242     5.66          -58.30          9.91          15.57         200000      6.54      
243     5.98          -57.98          8.46          14.44         200000      6.54      
244     5.53          -58.43          10.83         16.36         200000      6.54      
245     6.55          -57.40          9.41          15.96         200000      6.54      
246     6.16          -57.68          9.45          15.61         200000      6.64      
247     5.42          -58.42          11.19         16.61         200000      6.64      
248     6.26          -57.59          8.31          14.57         200000      6.64      
249     5.79          -58.05          11.36         17.15         200000      6.64      
250     5.44          -58.40          9.87          15.31         200000      6.64      
251     6.30          -57.70          10.25         16.54         200000      6.60      
252     5.57          -58.43          9.17          14.75         200000      6.60      
253     5.07          -58.93          10.27         15.33         200000      6.60      
254     5.73          -58.27          9.07          14.80         200000      6.60      
255     6.03          -57.97          14.42         20.45         200000      6.51      
256     6.66          -57.34          10.81         17.47         200000      6.51      
257     6.12          -57.88          9.21          15.33         200000      6.51      
258     7.61          -56.39          8.29          15.90         200000      6.51      
259     4.71          -59.24          12.33         17.05         200000      6.33      
260     5.86          -58.09          9.21          15.08         200000      6.33      
261     6.18          -57.77          9.59          15.78         200000      6.33      
262     5.79          -58.16          14.55         20.34         200000      6.33      
263     6.15          -57.80          8.82          14.97         200000      6.33      
264     6.10          -57.86          10.37         16.46         200000      6.73      
265     6.09          -57.87          10.40         16.49         200000      6.73      
266     5.49          -58.47          10.07         15.56         200000      6.73      
267     5.26          -58.70          10.53         15.78         200000      6.73      
268     5.50          -58.40          10.29         15.79         200000      6.85      
269     6.31          -57.59          9.42          15.74         200000      6.85      
270     5.51          -58.40          10.41         15.92         200000      6.85      
271     5.48          -58.42          10.29         15.78         200000      6.85      
272     5.73          -58.34          9.41          15.14         200000      7.22      
273     6.58          -57.49          9.70          16.28         200000      7.22      
274     4.98          -59.09          10.42         15.40         200000      7.22      
275     5.65          -58.42          10.15         15.80         200000      7.22      
276     6.62          -57.21          13.78         20.39         200000      6.61      
277     5.73          -58.10          9.94          15.67         200000      6.61      
278     5.62          -58.21          9.42          15.04         200000      6.61      
279     5.17          -58.66          7.98          13.15         200000      6.61      
280     7.92          -55.91          8.91          16.83         200000      6.61      
281     5.63          -58.21          10.72         16.35         200000      6.61      
282     5.47          -58.37          11.36         16.83         200000      6.61      
283     5.74          -58.11          9.17          14.90         200000      6.61      
284     6.10          -57.74          11.63         17.73         200000      6.61      
285     5.72          -58.17          10.04         15.76         200000      6.71      
286     6.21          -57.68          10.61         16.82         200000      6.71      
287     5.45          -58.44          10.21         15.67         200000      6.71      
288     5.81          -58.08          12.97         18.78         200000      6.71      
289     5.74          -58.24          9.47          15.21         200000      6.51      
290     5.67          -58.31          9.75          15.42         200000      6.51      
291     6.00          -57.98          9.20          15.19         200000      6.51      
292     5.57          -58.41          10.15         15.71         200000      6.51      
293     5.45          -58.53          9.53          14.98         200000      6.51      
294     6.32          -57.55          8.60          14.92         200000      6.44      
295     6.17          -57.71          8.81          14.97         200000      6.44      
296     4.71          -59.16          11.00         15.71         200000      6.44      
297     6.36          -57.52          9.09          15.44         200000      6.44      
298     11.28         -52.67          12.37         23.65         200000      6.62      
299     6.40          -57.54          8.63          15.03         200000      6.62      
300     5.82          -58.12          9.81          15.63         200000      6.62      
301     6.19          -57.75          10.45         16.64         200000      6.62      
302     6.28          -57.52          13.33         19.61         200000      6.73      
303     5.44          -58.36          10.44         15.88         200000      6.73      
304     5.55          -58.25          10.20         15.76         200000      6.73      
305     6.38          -57.43          9.12          15.49         200000      6.73      
306     5.55          -58.26          11.67         17.22         200000      6.73      
307     5.92          -58.10          15.41         21.33         200000      6.19      
308     6.54          -57.48          9.46          16.00         200000      6.19      
309     5.92          -58.09          10.63         16.55         200000      6.19      
310     6.33          -57.69          9.45          15.78         200000      6.19      
311     6.81          -57.04          9.99          16.80         200000      6.72      
312     5.81          -58.04          9.64          15.45         200000      6.72      
313     5.52          -58.33          11.46         16.98         200000      6.72      
314     5.67          -58.18          10.26         15.93         200000      6.72      
315     5.91          -57.89          10.80         16.71         200000      6.91      
316     5.18          -58.62          10.56         15.74         200000      6.91      
317     6.09          -57.72          8.84          14.92         200000      6.91      
318     5.72          -58.08          8.87          14.59         200000      6.91      
319     6.21          -57.60          8.80          15.00         200000      6.91      
320     5.97          -57.85          10.24         16.21         200000      6.65      
321     5.65          -58.17          9.86          15.51         200000      6.65      
322     6.02          -57.80          10.43         16.45         200000      6.65      
323     5.84          -57.98          9.80          15.64         200000      6.65      
324     5.77          -58.03          7.85          13.62         200000      6.65      
325     5.58          -58.22          9.19          14.77         200000      6.65      
326     5.35          -58.45          9.90          15.25         200000      6.65      
327     5.49          -58.31          13.40         18.90         200000      6.65      
328     6.14          -57.82          13.28         19.42         200000      6.49      
329     7.32          -56.64          14.97         22.29         200000      6.49      
330     6.22          -57.74          9.21          15.43         200000      6.49      
331     6.03          -57.93          9.42          15.45         200000      6.49      
332     5.60          -58.37          10.22         15.82         200000      6.49      
333     6.12          -57.74          9.47          15.59         200000      6.44      
334     5.69          -58.17          11.39         17.08         200000      6.44      
335     5.72          -58.14          9.23          14.94         200000      6.44      
336     5.68          -58.18          9.50          15.18         200000      6.44      
337     5.97          -57.91          9.81          15.78         200000      6.70      
338     5.35          -58.53          10.36         15.71         200000      6.70      
339     5.39          -58.49          12.18         17.57         200000      6.70      
340     5.88          -58.00          14.95         20.83         200000      6.70      
341     5.81          -58.12          9.27          15.07         200000      6.81      
342     5.77          -58.15          16.31         22.08         200000      6.81      
343     5.04          -58.88          11.33         16.37         200000      6.81      
344     6.48          -57.45          9.27          15.74         200000      6.81      
345     5.49          -58.43          10.20         15.69         200000      6.81      
346     6.73          -57.14          12.69         19.42         200000      6.61      
347     6.06          -57.81          15.36         21.41         200000      6.61      
348     5.59          -58.28          9.66          15.25         200000      6.61      
349     5.73          -58.14          13.96         19.69         200000      6.61      
350     5.52          -58.34          10.10         15.62         200000      6.48      
351     5.61          -58.25          10.41         16.02         200000      6.48      
352     6.40          -57.46          8.29          14.69         200000      6.48      
353     5.92          -57.94          9.29          15.21         200000      6.48      
354     5.83          -58.08          9.53          15.36         200000      6.55      
355     6.12          -57.80          9.42          15.53         200000      6.55      
356     7.09          -56.82          8.10          15.19         200000      6.55      
357     5.13          -58.78          10.71         15.84         200000      6.55      
358     5.63          -58.29          9.48          15.11         200000      6.55      
359     6.38          -57.51          10.08         16.46         200000      6.58      
360     6.17          -57.73          9.17          15.34         200000      6.58      
361     5.55          -58.35          9.95          15.50         200000      6.58      
362     6.03          -57.87          13.75         19.78         200000      6.58      
363     5.94          -57.88          8.27          14.22         200000      6.55      
364     5.79          -58.03          10.66         16.44         200000      6.55      
365     5.69          -58.13          10.65         16.34         200000      6.55      
366     5.80          -58.02          9.58          15.38         200000      6.55      
367     5.48          -58.47          10.01         15.49         200000      6.54      
368     6.10          -57.85          9.14          15.24         200000      6.54      
369     6.54          -57.41          8.85          15.39         200000      6.54      
370     5.21          -58.74          11.24         16.45         200000      6.54      
371     5.75          -58.20          8.66          14.41         200000      6.54      
372     5.51          -58.39          9.30          14.81         200000      6.26      
373     5.62          -58.29          8.97          14.59         200000      6.26      
374     5.80          -58.11          10.33         16.13         200000      6.26      
376     6.12          -57.75          30.25         36.38         200000      6.52      
377     7.31          -56.56          8.69          16.00         200000      6.52      
378     5.72          -58.15          9.89          15.61         200000      6.52      
379     5.80          -58.07          8.48          14.28         200000      6.52      
380     5.94          -57.95          10.75         16.69         200000      6.51      
381     5.62          -58.27          10.10         15.73         200000      6.51      
382     5.77          -58.11          10.25         16.02         200000      6.51      
383     5.95          -57.94          9.39          15.34         200000      6.51      
384     5.63          -57.50          9.39          15.02         200000      7.76      
385     5.25          -57.87          9.69          14.94         200000      7.76      
386     5.23          -57.90          9.53          14.76         200000      7.76      
387     5.45          -57.67          7.48          12.93         200000      7.76      
388     5.55          -58.30          10.16         15.71         200000      6.52      
389     6.02          -57.83          9.38          15.39         200000      6.52      
390     5.48          -58.36          9.12          14.61         200000      6.52      
391     6.03          -57.81          10.85         16.88         200000      6.52      
392     6.19          -57.66          12.23         18.42         200000      6.52      
393     6.67          -57.13          8.36          15.04         200000      6.47      
394     5.96          -57.84          10.22         16.17         200000      6.47      
395     4.95          -58.85          9.32          14.27         200000      6.47      
396     5.75          -58.04          9.77          15.52         200000      6.47      
397     5.60          -58.23          8.50          14.10         200000      6.53      
398     5.50          -58.33          11.14         16.65         200000      6.53      
399     5.73          -58.10          11.54         17.27         200000      6.53      
400     5.90          -57.94          10.38         16.27         200000      6.53      
