Frame        Inference_Time_ms    Objects_Detected
0                       179.52                  14
1                        29.93                  12
2                        28.32                  12
3                        28.28                  13
4                        28.24                  15
5                        28.22                  15
6                        28.27                  11
7                        28.15                  13
8                        28.17                  14
9                        28.16                  14
10                       24.22                  14
11                       16.06                  14
12                       15.81                  15
13                       15.80                  15
14                       15.79                  14
15                       15.78                  16
16                       15.79                  16
17                       15.79                  17
18                       15.60                  16
19                       15.56                  14
20                       15.55                  14
21                       15.58                  18
22                       14.73                  14
23                       14.56                  15
24                       14.11                  16
25                       14.11                  16
26                       14.21                  14
27                       14.09                  14
28                       14.06                  14
29                       14.06                  17
30                       14.09                  13
31                       14.04                  14
32                       14.49                  14
33                       14.18                  15
34                       14.13                  16
35                       14.19                  15
36                       14.26                  16
37                       14.08                  14
38                       14.07                  15
39                       14.10                  15
40                       14.36                  16
41                       14.12                  14
42                       14.07                  13
43                       14.09                  14
44                       14.09                  14
45                       14.06                  15
46                       14.07                  14
47                       14.05                  13
48                       14.05                  14
49                       14.11                  12
50                       14.33                  14
51                       14.23                  14
52                       14.09                  13
53                       14.12                  15
54                       14.05                  16
55                       14.05                  15
56                       14.07                  15
57                       14.49                  13
58                       14.21                  16
59                       14.07                  16
60                       14.29                  16
61                       14.08                  15
62                       14.08                  16
63                       14.74                  18
64                       14.21                  15
65                       14.11                  16
66                       14.10                  14
67                       14.10                  13
68                       14.10                  14
69                       14.02                  14
70                       14.04                  10
71                       14.21                  10
72                       14.11                  11
73                       14.10                  14
74                       14.07                  14
75                       14.04                  15
76                       14.07                  13
77                       14.77                  15
78                       14.77                  16
79                       14.77                  18
80                       14.76                  14
81                       14.76                  16
82                       14.75                  16
83                       14.87                  18
84                       14.88                  17
85                       14.87                  17
86                       14.77                  15
87                       14.77                  15
88                       14.77                  14
89                       14.99                  18
90                       14.97                  16
91                       14.98                  15
92                       14.86                  16
93                       14.86                  16
94                       15.14                  15
95                       15.15                  17
96                       15.13                  15
97                       15.12                  15
98                       15.07                  15
99                       15.06                  17
100                      15.08                  15
101                      14.55                  16
102                      15.17                  15
103                      15.02                  15
104                      14.60                  16
105                      16.19                  16
106                      35.34                  19
107                      15.31                  21
108                      15.19                  19
109                      14.91                  18
110                      30.79                  16
111                      16.06                  17
112                      15.80                  18
113                      31.88                  13
114                      15.34                  12
115                      14.43                  15
116                      36.52                  14
117                      15.82                  15
118                      15.79                  19
119                      15.61                  19
120                      37.81                  17
121                      17.13                  17
122                      16.30                  16
123                      27.10                  15
124                      21.15                  15
125                      15.94                  15
126                      15.63                  12
127                      39.40                  14
128                      15.71                  15
129                      15.30                  14
130                      32.44                  13
131                      15.97                  15
132                      15.77                  13
133                      37.29                  15
134                      15.60                  15
135                      15.61                  16
136                      38.30                  13
137                      15.38                  14
138                      15.86                  13
139                      25.60                  14
140                      14.56                  13
141                      14.28                  14
142                      31.63                  16
143                      15.16                  15
144                      14.62                  12
145                      28.89                  13
146                      14.86                  16
147                      14.59                  13
148                      32.03                  12
149                      14.92                  12
150                      14.39                  14
151                      31.86                  12
152                      15.22                  15
153                      14.91                  14
154                      24.05                  17
155                      15.65                  14
156                      16.27                  16
157                      15.41                  14
158                      19.17                  12
159                      15.07                  13
160                      14.86                  14
161                      26.86                  14
162                      14.65                  14
163                      14.22                  14
164                      29.44                  15
165                      15.42                  14
166                      14.96                  11
167                      30.93                  13
168                      15.47                  14
169                      15.69                  14
170                      28.20                  15
171                      18.89                  13
172                      16.20                  15
173                      15.08                  15
174                      24.55                  14
175                      15.79                  16
176                      14.49                  13
177                      29.97                  14
178                      15.31                  13
179                      14.40                  15
180                      29.73                  14
181                      16.11                  15
182                      15.47                  15
183                      25.89                  15
184                      14.78                  14
185                      14.48                  15
186                      33.26                  14
187                      19.63                  17
188                      15.26                  16
189                      14.71                  15
190                      29.28                  17
191                      15.22                  17
192                      14.97                  15
193                      36.21                  17
194                      14.74                  17
195                      14.31                  16
196                      34.99                  14
197                      15.03                  14
198                      14.53                  18
199                      34.76                  17
200                      14.87                  14
201                      14.88                  13
202                      14.46                  11
203                      14.40                  11
204                      14.79                  14
205                      14.21                  13
206                      14.16                  12
207                      14.31                  14
208                      15.63                  14
209                      15.15                  12
210                      14.32                  13
211                      21.04                  12
212                      15.07                  12
213                      14.78                  11
214                      17.31                  11
215                      14.27                  13
216                      14.61                  13
217                      14.51                  12
218                      21.28                  12
219                      14.68                  13
220                      14.20                  14
221                      14.20                  16
222                      14.56                  16
223                      14.17                  17
224                      21.53                  17
225                      14.27                  13
226                      14.07                  13
227                      14.09                  13
228                      15.06                  13
229                      14.68                  13
230                      14.51                  13
231                      14.62                  14
232                      14.50                  13
233                      14.49                  14
234                      26.46                  14
235                      15.08                  13
236                      14.72                  17
237                      27.97                  15
238                      14.53                  14
239                      14.70                  12
240                      28.57                  13
241                      14.56                  15
242                      14.26                  14
243                      28.33                  13
244                      15.20                  14
245                      14.61                  13
246                      28.40                  13
247                      14.80                  13
248                      14.87                  14
249                      29.94                  12
250                      14.29                  13
251                      14.30                  13
252                      14.48                  13
253                      17.10                  13
254                      14.83                  14
255                      14.27                  18
256                      24.21                  17
257                      14.69                  18
258                      14.56                  19
259                      19.94                  20
260                      15.82                  20
261                      14.78                  20
262                      26.73                  18
263                      15.62                  20
264                      15.04                  22
265                      21.61                  17
266                      14.86                  18
267                      14.57                  20
268                      28.50                  19
269                      15.26                  21
270                      15.21                  19
271                      14.50                  18
272                      14.87                  18
273                      15.25                  19
274                      14.41                  18
275                      15.09                  17
276                      15.28                  18
277                      14.53                  16
278                      16.01                  15
279                      15.26                  17
280                      14.59                  18
281                      16.40                  17
282                      14.87                  20
283                      14.27                  20
284                      14.95                  20
285                      16.13                  20
286                      14.69                  22
287                      23.87                  21
288                      15.36                  20
289                      14.99                  21
290                      23.24                  22
291                      14.74                  21
292                      14.57                  17
293                      14.38                  17
294                      15.00                  20
295                      14.62                  15
296                      14.22                  18
297                      26.65                  17
298                      15.61                  23
299                      14.92                  21
300                      35.33                  21
301                      15.37                  21
302                      14.83                  21
303                      23.03                  20
304                      15.80                  23
305                      14.52                  22
306                      35.93                  20
307                      15.62                  20
308                      15.83                  19
309                      14.54                  21
310                      15.48                  20
311                      16.35                  19
312                      26.34                  20
313                      18.34                  22
314                      15.11                  21
315                      14.73                  22
316                      26.61                  23
317                      16.00                  24
318                      15.57                  23
319                      28.40                  24
320                      14.70                  22
321                      14.39                  21
322                      32.74                  22
323                      15.64                  22
324                      15.65                  21
325                      33.63                  21
326                      15.29                  21
327                      14.88                  21
328                      14.90                  22
329                      15.29                  22
330                      14.97                  23
331                      14.45                  25
332                      14.90                  24
333                      14.71                  22
334                      28.19                  22
335                      14.54                  23
336                      14.64                  20
337                      14.37                  24
338                      18.13                  22
339                      15.33                  20
340                      14.39                  23
341                      14.42                  18
342                      15.04                  21
343                      14.32                  19
344                      18.30                  14
345                      15.29                  17
346                      15.11                  19
347                      23.55                  21
348                      14.92                  21
349                      14.39                  20
350                      28.66                  21
351                      14.95                  18
352                      14.35                  18
353                      14.12                  18
354                      16.48                  19
355                      15.28                  18
356                      14.40                  18
357                      14.42                  16
358                      14.92                  17
359                      14.39                  19
360                      16.39                  17
361                      14.67                  16
362                      14.88                  17
363                      22.29                  18
364                      15.19                  17
365                      28.26                  16
366                      15.15                  17
367                      15.11                  17
368                      14.88                  16
369                      28.67                  20
370                      15.30                  20
371                      15.28                  19
372                      28.64                  22
373                      14.94                  24
374                      14.33                  24
375                      28.11                  23
376                      15.14                  21
377                      14.81                  20
378                      28.48                  22
379                      15.09                  19
380                      14.70                  20
381                      29.97                  20
382                      15.18                  17
383                      14.56                  19
384                      14.29                  19
385                      16.40                  20
386                      15.60                  19
387                      29.86                  19
388                      15.21                  17
389                      14.74                  20
390                      14.64                  20
391                      24.44                  19
392                      14.88                  20
393                      14.35                  20
394                      15.21                  19
395                      15.32                  19
396                      15.00                  23
397                      28.88                  20
398                      14.88                  19
399                      14.35                  19
400                      29.09                  20
401                      15.00                  20
402                      14.61                  20
403                      28.22                  16
404                      15.25                  19
405                      14.45                  18
406                      18.19                  16
407                      15.78                  17
408                      15.98                  19
409                      28.55                  18
410                      14.73                  17
411                      14.24                  14
412                      27.88                  20
413                      15.36                  16
414                      14.81                  22
415                      14.85                  20
416                      23.15                  19
417                      15.14                  20
418                      14.36                  17
419                      22.14                  19
420                      16.26                  20
421                      14.24                  19
422                      19.42                  18
423                      14.80                  21
424                      14.24                  19
425                      20.16                  15
426                      14.79                  17
427                      14.27                  18
428                      21.02                  18
429                      14.78                  21
430                      14.34                  16
431                      14.39                  21
432                      14.56                  20
433                      14.50                  20
434                      21.43                  22
435                      14.59                  19
436                      14.63                  19
437                      14.29                  19
438                      14.64                  18
439                      14.52                  15
440                      14.28                  18
441                      14.40                  17
442                      14.29                  20
443                      15.06                  21
444                      14.85                  23
445                      14.36                  20
446                      20.87                  20
447                      14.99                  21
448                      14.61                  18
449                      16.33                  20
450                      14.65                  19
451                      14.28                  19
452                      14.70                  16
453                      27.74                  17
454                      14.48                  17
455                      29.11                  20
456                      22.94                  17
457                      16.35                  19
458                      15.43                  18
459                      34.67                  20
460                      16.26                  19
461                      15.28                  20
462                      31.39                  19
463                      15.32                  24
464                      14.90                  23
465                      14.66                  24
466                      25.10                  22
467                      16.07                  25
468                      14.66                  21
469                      26.85                  26
470                      16.13                  22
471                      15.50                  23
472                      26.76                  22
473                      15.32                  25
474                      15.00                  23
475                      36.09                  23
476                      15.41                  26
477                      14.99                  21
478                      29.04                  24
479                      23.33                  23
480                      15.65                  24
481                      32.23                  21
482                      19.13                  21
483                      15.44                  26
484                      26.46                  21
485                      15.70                  24
486                      16.54                  20
487                      16.38                  24
488                      30.62                  19
489                      15.34                  20
490                      14.59                  21
491                      29.22                  23
492                      15.31                  21
493                      14.68                  22
494                      31.12                  21
495                      15.18                  17
496                      14.99                  19
497                      14.51                  19
498                      24.63                  19
499                      14.99                  19
500                      25.77                  20
501                      14.90                  20
502                      15.06                  20
503                      15.82                  17
504                      29.79                  18
505                      14.59                  19
506                      14.44                  18
507                      27.28                  18
508                      14.67                  17
509                      14.51                  18
510                      28.66                  17
511                      14.64                  22
512                      14.38                  20
513                      23.76                  20
514                      15.09                  21
515                      14.80                  21
516                      28.68                  21
517                      14.65                  23
518                      14.25                  21
519                      14.55                  19
520                      14.80                  23
521                      14.90                  19
522                      14.26                  19
523                      16.95                  22
524                      15.05                  20
525                      25.73                  20
526                      18.68                  21
527                      15.17                  18
528                      14.59                  19
529                      21.09                  19
530                      15.26                  19
531                      15.26                  20
532                      23.31                  21
533                      14.59                  20
534                      14.40                  19
535                      28.82                  20
536                      15.27                  20
537                      15.26                  19
538                      14.37                  19
539                      15.66                  18
540                      14.66                  17
541                      14.34                  17
542                      16.15                  18
543                      15.28                  22
544                      14.67                  19
545                      14.88                  20
546                      14.31                  18
547                      14.53                  21
548                      28.56                  21
549                      16.07                  22
550                      14.88                  25
551                      31.18                  17
552                      15.72                  17
553                      15.67                  18
554                      31.07                  16
555                      16.15                  16
556                      15.84                  18
557                      14.97                  18
558                      26.69                  17
559                      15.32                  18
560                      14.36                  17
561                      28.75                  16
562                      16.30                  16
563                      15.78                  16
564                      33.79                  15
565                      15.13                  15
566                      14.68                  16
567                      30.70                  16
568                      16.06                  17
569                      15.93                  18
570                      33.45                  18
571                      18.86                  20
572                      16.29                  19
573                      17.14                  19
574                      15.59                  17
575                      15.51                  18
576                      14.87                  19
577                      23.76                  17
578                      16.07                  18
579                      14.97                  17
580                      16.91                  17
581                      14.68                  17
582                      14.40                  15
583                      23.41                  15
584                      14.59                  17
585                      14.48                  19
586                      22.29                  18
587                      14.75                  17
588                      14.58                  16
589                      21.09                  15
590                      14.18                  16
591                      14.61                  15
592                      28.02                  16
593                      15.11                  16
594                      15.13                  17
595                      27.32                  17
596                      15.15                  17
597                      15.27                  16
598                      14.59                  16
599                      14.82                  16
600                      14.67                  16
601                      27.93                  15
602                      15.11                  17
603                      15.75                  16
604                      14.80                  17
605                      15.44                  17
606                      15.42                  16
607                      15.57                  15
608                      23.16                  16
609                      14.78                  15
610                      14.87                  16
611                      29.35                  17
612                      15.88                  17
613                      15.07                  18
614                      34.55                  18
615                      16.27                  16
616                      15.39                  17
617                      32.53                  17
618                      21.92                  18
619                      15.55                  18
620                      29.78                  18
621                      28.43                  19
622                      16.19                  19
623                      15.48                  18
624                      37.35                  21
625                      16.20                  19
626                      15.72                  20
627                      37.85                  21
628                      15.98                  21
629                      15.89                  20
630                      33.35                  19
631                      19.60                  19
632                      16.20                  17
633                      15.65                  18
634                      16.51                  17
635                      16.04                  14
636                      15.44                  15
637                      28.82                  16
638                      15.98                  17
639                      15.75                  16
640                      26.91                  18
641                      15.81                  17
642                      15.20                  16
643                      24.82                  18
644                      16.56                  18
645                      16.05                  18
646                      30.68                  16
647                      15.71                  18
648                      15.64                  18
649                      35.40                  18
650                      15.95                  21
651                      15.46                  22
652                      28.26                  21
653                      19.36                  21
654                      16.26                  21
655                      19.69                  20
656                      25.38                  18
657                      16.53                  17
658                      15.89                  18
659                      23.79                  19
660                      15.97                  19
661                      15.27                  19
662                      26.47                  22
663                      16.50                  20
664                      16.16                  21
665                      25.78                  19
666                      16.03                  20
667                      15.85                  20
668                      32.17                  21
669                      16.93                  21
670                      16.38                  20
671                      15.04                  20
672                      17.29                  19
673                      16.12                  20
674                      15.20                  21
675                      31.02                  21
676                      15.76                  20
677                      14.93                  18
678                      35.06                  19
679                      15.90                  22
680                      15.03                  22
681                      34.64                  22
682                      16.50                  22
683                      16.25                  21
684                      34.60                  21
685                      19.72                  22
686                      15.81                  21
687                      17.89                  20
688                      23.55                  19
689                      15.80                  21
690                      33.75                  19
691                      19.46                  19
692                      16.56                  17
693                      27.06                  19
694                      24.82                  19
695                      15.47                  19
696                      14.97                  18
697                      28.41                  19
698                      15.82                  18
699                      15.24                  19
700                      34.42                  20
701                      16.28                  21
702                      15.71                  21
703                      37.87                  20
704                      16.46                  20
705                      15.56                  22
706                      30.01                  19
707                      16.08                  23
708                      15.40                  24
709                      28.67                  23
710                      15.57                  22
711                      15.12                  22
712                      17.15                  23
713                      15.39                  22
714                      15.11                  25
715                      32.20                  24
716                      15.22                  23
717                      14.88                  22
718                      35.74                  19
719                      15.63                  22
720                      15.84                  22
721                      26.28                  23
722                      23.52                  24
723                      15.76                  25
724                      14.82                  23
725                      16.68                  26
726                      16.59                  22
727                      16.22                  25
728                      25.64                  24
729                      15.52                  23
730                      15.03                  26
731                      35.75                  24
732                      15.79                  18
733                      14.86                  18
734                      35.12                  21
735                      15.39                  24
736                      15.15                  21
737                      34.22                  18
738                      15.72                  21
739                      16.35                  19
740                      31.58                  19
741                      26.58                  20
742                      15.83                  19
743                      14.88                  20
744                      34.60                  19
745                      15.18                  16
746                      14.40                  19
747                      35.37                  17
748                      15.40                  19
749                      15.60                  24
750                      15.48                  23
751                      15.77                  22
752                      16.37                  21
753                      24.78                  20
754                      15.37                  22
755                      14.92                  20
756                      30.99                  20
757                      22.44                  20
758                      16.17                  15
759                      15.24                  19
760                      24.29                  17
761                      15.65                  18
762                      14.84                  17
763                      28.47                  20
764                      16.15                  20
765                      15.35                  21
766                      26.11                  23
767                      15.62                  22
768                      15.11                  21
769                      23.16                  17
770                      15.70                  20
771                      15.28                  17
772                      21.75                  19
773                      14.87                  16
774                      14.64                  18
775                      21.14                  15
776                      14.64                  19
777                      14.69                  19
778                      27.67                  19
779                      15.40                  21
780                      14.94                  20
781                      18.91                  18
782                      15.59                  18
783                      15.36                  17
784                      15.28                  20
785                      15.31                  17
786                      15.14                  19
787                      17.74                  19
788                      20.17                  19
789                      16.34                  19
790                      15.04                  20
791                      16.06                  19
792                      16.18                  16
793                      15.02                  17
794                      14.68                  17
795                      15.74                  17
796                      14.85                  19
797                      14.99                  17
798                      14.81                  18
799                      15.12                  15
800                      26.59                  18
801                      15.91                  18
802                      15.40                  18
803                      15.51                  21
804                      15.80                  19
805                      28.55                  19
806                      14.94                  18
807                      15.10                  18
808                      16.22                  19
809                      16.39                  18
810                      22.61                  19
811                      14.86                  20
812                      14.27                  17
813                      28.26                  16
814                      15.29                  19
815                      21.56                  21
816                      15.95                  22
817                      15.60                  22
818                      15.89                  22
819                      23.09                  21
820                      15.32                  20
821                      14.89                  22
822                      28.38                  26
823                      15.23                  23
824                      14.80                  23
825                      28.65                  24
826                      15.39                  24
827                      15.21                  23
828                      16.24                  21
829                      15.12                  21
830                      14.92                  22
831                      18.84                  22
832                      31.52                  20
833                      17.02                  19
834                      15.74                  16
835                      30.06                  19
836                      16.12                  20
837                      15.62                  21
838                      31.99                  19
839                      16.00                  19
840                      15.40                  18
841                      28.37                  18
842                      20.62                  18
843                      16.11                  17
844                      15.02                  17
845                      28.26                  19
846                      16.75                  20
847                      15.30                  18
848                      27.84                  19
849                      15.75                  23
850                      14.99                  21
851                      27.96                  20
852                      17.68                  19
853                      14.99                  17
854                      26.27                  17
855                      22.42                  16
856                      14.86                  17
857                      14.66                  19
858                      26.54                  21
859                      15.84                  23
860                      15.07                  23
861                      36.35                  22
862                      15.35                  22
863                      14.81                  22
864                      29.71                  22
865                      21.70                  22
866                      16.90                  23
867                      36.96                  21
868                      25.83                  22
869                      15.79                  20
870                      15.08                  20
871                      38.30                  21
872                      16.30                  19
873                      16.32                  22
874                      28.75                  22
875                      16.19                  20
876                      15.68                  22
877                      38.16                  24
878                      19.77                  21
879                      15.92                  23
880                      27.19                  23
881                      27.17                  24
882                      16.05                  22
883                      15.01                  23
884                      32.38                  23
885                      16.19                  21
886                      14.88                  20
887                      37.85                  21
888                      16.12                  19
889                      15.71                  21
890                      40.14                  21
891                      15.80                  21
892                      15.43                  20
893                      38.54                  21
894                      15.71                  21
895                      15.38                  22
896                      29.92                  20
897                      15.41                  21
898                      14.71                  20
899                      16.89                  18
900                      15.74                  21
901                      15.36                  22
902                      16.80                  20
903                      17.67                  19
904                      15.53                  18
905                      23.73                  19
906                      15.98                  20
907                      16.44                  19
908                      15.92                  22
909                      25.45                  20
910                      15.17                  21
911                      14.19                  22
912                      27.87                  22
913                      15.84                  22
914                      14.69                  23
915                      28.54                  22
916                      15.23                  22
917                      14.59                  23
918                      28.99                  20
919                      15.43                  18
920                      14.87                  16
921                      14.84                  16
922                      15.24                  16
923                      15.27                  17
924                      15.37                  17
925                      24.57                  18
926                      15.48                  20
927                      15.33                  19
928                      27.59                  19
929                      14.65                  21
930                      14.89                  23
931                      25.50                  21
932                      14.58                  20
933                      14.87                  22
934                      34.60                  20
935                      15.27                  21
936                      29.81                  19
937                      15.34                  17
938                      15.51                  21
939                      15.78                  19
940                      28.95                  20
941                      15.49                  17
942                      15.15                  19
943                      28.99                  17
944                      14.78                  15
945                      14.76                  13
946                      28.33                  13
947                      14.99                  12
948                      14.88                  12
949                      30.47                  12
950                      15.83                  16
951                      15.04                  16
952                      14.68                  13
953                      19.92                  13
954                      15.42                  11
955                      14.74                  13
956                      29.66                  12
957                      15.96                  13
958                      15.38                  11
959                      32.97                  11
960                      15.87                  13
961                      16.17                  12
962                      31.91                  13
963                      20.09                  14
964                      16.48                  12
965                      31.14                  13
966                      15.63                  15
967                      15.80                  14
968                      28.93                  13
969                      26.87                  12
970                      16.26                  13
971                      15.09                  13
972                      29.58                  14
973                      16.19                  12
974                      14.78                  14
975                      28.56                  15
976                      15.64                  15
977                      14.90                  15
978                      36.75                  13
979                      15.71                  14
980                      14.77                  12
981                      36.66                  12
982                      16.72                  12
983                      15.71                  13
984                      37.39                  14
985                      15.62                  13
986                      15.20                  13
987                      31.45                  14
988                      23.11                  14
989                      15.97                  13
990                      14.77                  12
991                      15.47                  12
992                      15.56                  13
993                      14.64                  13
994                      15.56                  13
995                      14.86                  14
996                      14.50                  14
997                      21.42                  12
998                      15.14                  13
999                      14.55                  14
1000                     14.98                  15
1001                     15.02                  15
1002                     15.07                  15
1003                     15.59                  15
1004                     16.09                  16
1005                     28.97                  16
1006                     14.56                  14
1007                     14.75                  14
1008                     14.71                  15
1009                     29.07                  14
1010                     14.91                  16
1011                     14.25                  17
1012                     28.33                  16
1013                     15.58                  17
1014                     14.89                  16
1015                     27.71                  15
1016                     15.48                  15
1017                     15.26                  16
1018                     27.92                  15
1019                     15.21                  14
1020                     15.27                  14
1021                     22.13                  13
1022                     14.28                  14
1023                     14.75                  13
1024                     14.65                  12
1025                     14.10                  14
1026                     14.33                  14
1027                     14.30                  15
1028                     14.66                  16
1029                     14.38                  16
1030                     14.15                  16
1031                     18.64                  13
1032                     14.22                  13
1033                     14.75                  13
1034                     19.13                  13
1035                     14.36                  13
1036                     14.16                  15
1037                     22.59                  14
1038                     14.88                  16
1039                     14.40                  14
1040                     14.40                  16
1041                     14.55                  14
1042                     14.40                  13
1043                     21.79                  16
1044                     15.43                  14
1045                     14.48                  15
1046                     14.84                  14
1047                     14.49                  14
1048                     14.51                  14
1049                     14.31                  13
1050                     14.40                  11
1051                     14.51                  13
1052                     14.13                  10
1053                     18.33                  14
1054                     16.45                  13
1055                     14.47                  12
1056                     23.48                  13
1057                     15.86                  17
1058                     14.77                  15
1059                     29.62                  16
1060                     15.17                  16
1061                     14.71                  16
1062                     27.69                  14
1063                     14.68                  14
1064                     14.33                  14
1065                     14.57                  17
1066                     14.90                  15
1067                     14.65                  14
1068                     14.98                  14
1069                     14.66                  11
1070                     14.86                  14
1071                     15.24                  13
1072                     19.25                  12
1073                     14.77                  13
1074                     14.93                  14
1075                     23.07                  12
1076                     15.02                  15
1077                     14.33                  18
1078                     22.18                  17
1079                     14.98                  15
1080                     14.37                  16
1081                     29.58                  18
1082                     14.87                  14
1083                     14.47                  12
1084                     14.53                  11
1085                     14.45                  13
1086                     14.39                  11
1087                     14.70                  17
1088                     15.07                  17
1089                     14.43                  17
1090                     14.38                  19
1091                     17.11                  19
1092                     14.88                  17
1093                     14.62                  19
1094                     14.33                  20
1095                     14.15                  21
1096                     14.32                  18
1097                     15.79                  16
1098                     14.84                  18
1099                     14.95                  16
1100                     16.72                  17
1101                     14.90                  17
1102                     14.70                  15
1103                     22.83                  16
1104                     14.97                  17
1105                     14.40                  16
1106                     21.48                  17
1107                     14.09                  16
1108                     14.16                  17
1109                     21.37                  17
1110                     14.09                  17
1111                     14.75                  16
1112                     14.69                  16
1113                     14.42                  21
1114                     14.56                  17
1115                     22.41                  17
1116                     14.39                  16
1117                     14.29                  17
1118                     14.31                  17
1119                     14.56                  14
1120                     14.51                  13
1121                     14.41                  16
1122                     17.61                  14
1123                     15.17                  13
1124                     14.32                  13
1125                     21.15                  14
1126                     14.59                  15
1127                     14.36                  14
1128                     18.58                  15
1129                     14.45                  12
1130                     14.42                  15
1131                     16.30                  14
1132                     14.53                  14
1133                     14.29                  13
1134                     21.40                  15
1135                     14.29                  17
1136                     14.62                  15
1137                     21.83                  13
1138                     14.66                  16
1139                     14.19                  16
1140                     21.20                  17
1141                     14.17                  18
1142                     14.38                  15
1143                     20.76                  15
1144                     14.90                  17
1145                     14.64                  17
1146                     14.56                  17
1147                     18.36                  17
1148                     15.93                  15
1149                     14.55                  20
1150                     29.43                  14
1151                     16.77                  14
1152                     15.22                  17
1153                     18.99                  15
1154                     15.82                  15
1155                     15.52                  13
1156                     29.42                  13
1157                     15.19                  14
1158                     15.58                  15
1159                     28.66                  16
1160                     15.26                  17
1161                     16.12                  18
1162                     29.15                  14
1163                     15.05                  14
1164                     15.45                  12
1165                     14.43                  13
1166                     15.93                  14
1167                     15.65                  16
1168                     14.45                  16
1169                     22.11                  14
1170                     15.09                  14
1171                     15.06                  15
1172                     29.60                  16
1173                     14.83                  15
1174                     30.20                  18
1175                     15.23                  18
1176                     15.06                  20
1177                     14.44                  16
1178                     27.70                  18
1179                     15.71                  19
1180                     14.84                  17
1181                     27.45                  17
1182                     15.15                  17
1183                     14.54                  18
1184                     27.52                  15
1185                     15.18                  17
1186                     14.60                  15
1187                     14.28                  16
1188                     15.38                  15
1189                     14.69                  16
1190                     14.56                  15
1191                     15.37                  13
1192                     14.98                  12
1193                     14.41                  13
1194                     15.48                  11
1195                     15.08                  12
1196                     14.34                  12
1197                     15.35                  13
1198                     14.94                  12
1199                     27.85                  14
1200                     14.86                  14
1201                     14.88                  12
1202                     15.00                  13
1203                     20.77                  11
1204                     14.72                  12
1205                     28.46                  11
1206                     16.26                  12
1207                     16.14                  14
1208                     14.84                  12
1209                     14.76                  14
1210                     14.59                  14
1211                     14.12                  15
1212                     14.12                  16
1213                     14.05                  14
1214                     14.02                  15
1215                     14.03                  16
1216                     14.78                  16
1217                     14.96                  16
1218                     14.21                  16
1219                     14.09                  15
1220                     14.20                  17
1221                     14.12                  19
1222                     14.12                  16
1223                     14.35                  16
1224                     14.18                  16
1225                     14.14                  17
1226                     14.39                  14
1227                     14.27                  16
1228                     14.15                  14
1229                     14.11                  14
1230                     14.10                  13
1231                     14.04                  13
1232                     14.02                  14
1233                     14.02                  14
1234                     14.78                  15
1235                     14.66                  15
1236                     14.52                  14
1237                     14.56                  15
1238                     15.17                  17
1239                     14.70                  18
1240                     14.91                  16
1241                     14.78                  13
1242                     14.62                  15
1243                     14.51                  13
1244                     14.67                  13
1245                     14.55                  16
1246                     14.63                  15
1247                     14.54                  14
1248                     14.57                  13
1249                     14.73                  13
1250                     14.69                  14
1251                     14.66                  14
1252                     15.48                  15
1253                     16.54                  15
1254                     15.29                  15
1255                     15.05                  14
1256                     14.64                  13
1257                     14.58                  13
1258                     14.98                  18
1259                     14.70                  15
1260                     14.65                  16
1261                     14.85                  15
1262                     15.28                  15
1263                     15.28                  13
1264                     15.31                  15
1265                     15.34                  13
1266                     15.27                  12
1267                     15.95                  12
1268                     15.37                  15
1269                     37.46                  15
1270                     16.01                  13
1271                     15.48                  12
1272                     30.25                  12
1273                     16.58                  14
1274                     15.76                  14
1275                     35.06                  14
1276                     15.92                  14
1277                     15.38                  15
1278                     33.88                  15
1279                     16.53                  13
1280                     16.08                  15
1281                     35.45                  13
1282                     17.59                  17
1283                     15.95                  14
1284                     30.26                  16
1285                     22.28                  14
1286                     16.56                  14
1287                     15.24                  15
1288                     32.63                  17
1289                     16.11                  17
1290                     14.98                  15
1291                     29.10                  16
1292                     16.93                  15
1293                     15.35                  15
1294                     28.25                  13
1295                     16.57                  13
1296                     17.21                  15
1297                     19.95                  15
1298                     32.20                  13
1299                     16.12                  16
1300                     15.17                  15
1301                     23.89                  17
1302                     15.12                  18
1303                     15.00                  19
1304                     20.87                  19
1305                     15.41                  17
1306                     21.98                  19
1307                     15.18                  17
1308                     16.14                  16
1309                     16.53                  17
1310                     15.43                  15
1311                     14.96                  15
1312                     14.55                  16
1313                     16.68                  14
1314                     15.69                  14
1315                     16.84                  17
1316                     15.27                  15
1317                     15.39                  16
1318                     15.51                  17
1319                     14.92                  17
1320                     22.97                  15
1321                     16.87                  15
1322                     14.99                  14
1323                     17.96                  13
1324                     14.14                  13
1325                     14.32                  13
1326                     22.86                  12
1327                     14.82                  13
1328                     14.79                  14
1329                     14.26                  15
1330                     14.45                  12
1331                     14.29                  15
1332                     25.59                  15
1333                     42.07                  15
1334                     16.40                  17
1335                     18.55                  17
1336                     43.37                  17
1337                     16.33                  15
1338                     16.15                  15
1339                     39.20                  16
1340                     21.77                  12
1341                     16.24                  14
1342                     39.87                  16
1343                     22.92                  16
1344                     16.18                  17
1345                     29.75                  13
1346                     35.88                  15
1347                     16.29                  16
1348                     29.42                  14
1349                     33.29                  14
1350                     15.93                  13
1351                     15.17                  12
1352                     33.08                  15
1353                     16.23                  12
1354                     39.08                  13
1355                     18.20                  16
1356                     16.87                  16
1357                     33.58                  12
1358                     32.88                  14
1359                     15.81                  14
1360                     15.70                  15
1361                     37.94                  13
1362                     16.37                  15
1363                     16.50                  15
1364                     30.21                  14
1365                     15.97                  12
1366                     16.54                  13
1367                     36.62                  12
1368                     15.60                  12
1369                     15.81                  15
1370                     14.71                  16
1371                     18.42                  14
1372                     16.63                  13
1373                     15.36                  11
1374                     27.35                  11
1375                     16.54                  15
1376                     15.62                  12
1377                     27.41                  13
1378                     15.95                  13
1379                     15.04                  14
1380                     33.72                  16
1381                     15.72                  16
1382                     15.70                  15
1383                     14.66                  15
1384                     16.04                  15
1385                     15.76                  16
1386                     14.71                  16
1387                     23.69                  16
1388                     16.00                  17
1389                     14.64                  15
1390                     28.97                  14
1391                     15.80                  14
1392                     14.89                  15
1393                     35.44                  17
1394                     15.27                  15
1395                     14.70                  14
1396                     15.26                  14
1397                     20.43                  16
1398                     15.54                  14
1399                     36.73                  16
1400                     15.79                  15
1401                     15.49                  13
1402                     36.59                  13
1403                     15.34                  14
1404                     14.93                  14
1405                     34.76                  14
1406                     15.25                  13
1407                     37.21                  13
1408                     15.82                  15
1409                     15.79                  14
1410                     15.68                  14
1411                     37.22                  13
1412                     15.19                  11
1413                     15.08                  13
1414                     34.58                  14
1415                     26.19                  13
1416                     39.37                  13
1417                     15.79                  13
1418                     16.05                  13
1419                     15.88                  13
1420                     18.37                  14
1421                     31.47                  14
1422                     16.35                  15
1423                     16.29                  16
1424                     23.89                  16
1425                     16.11                  16
1426                     15.96                  14
1427                     39.07                  13
1428                     15.59                  13
1429                     16.29                  15
1430                     27.06                  15
1431                     27.22                  13
1432                     15.72                  16
1433                     15.13                  14
1434                     26.35                  14
1435                     16.55                  14
1436                     15.60                  15
1437                     37.92                  16
1438                     15.74                  14
1439                     15.40                  12
1440                     35.14                  12
1441                     16.14                  12
1442                     15.23                  14
1443                     36.27                  13
1444                     17.21                  13
1445                     15.18                  11
1446                     36.74                  12
1447                     16.96                  13
1448                     15.43                  16
1449                     28.35                  12
1450                     24.94                  13
1451                     16.04                  13
1452                     14.73                  11
1453                     33.52                  13
1454                     16.60                  16
1455                     14.96                  17
1456                     39.41                  17
1457                     15.66                  18
1458                     14.80                  18
1459                     21.61                  19
1460                     14.28                  19
1461                     14.26                  20
1462                     21.10                  21
1463                     14.29                  20
1464                     14.50                  19
1465                     20.76                  18
1466                     14.15                  17
1467                     14.08                  19
1468                     14.46                  20
1469                     14.92                  19
1470                     14.39                  20
1471                     21.28                  19
1472                     14.69                  19
1473                     14.56                  19
1474                     18.30                  17
1475                     15.10                  15
1476                     15.43                  16
1477                     14.42                  17
1478                     15.40                  17
1479                     14.84                  18
1480                     14.33                  17
1481                     17.14                  19
1482                     15.12                  20
1483                     14.41                  21
1484                     14.43                  20
1485                     15.58                  17
1486                     15.00                  19
1487                     21.29                  21
1488                     14.48                  22
1489                     14.62                  20
1490                     33.67                  20
1491                     15.62                  21
1492                     14.83                  17
1493                     32.48                  18
1494                     19.72                  18
1495                     15.71                  16
1496                     15.15                  18
1497                     27.45                  18
1498                     15.60                  21
1499                     15.11                  20
1500                     16.18                  21
1501                     15.68                  21
1502                     15.59                  21
1503                     32.62                  20
1504                     15.57                  21
1505                     14.48                  22
1506                     37.46                  20
1507                     16.58                  20
1508                     16.38                  20
1509                     29.80                  20
1510                     15.60                  21
1511                     15.25                  19
1512                     35.54                  20
1513                     15.59                  23
1514                     15.27                  23
1515                     35.43                  23
1516                     15.63                  22
1517                     16.60                  23
1518                     15.26                  23
1519                     26.87                  23
1520                     16.60                  22
1521                     15.39                  23
1522                     14.70                  22
1523                     14.44                  21
1524                     14.58                  21
1525                     14.20                  19
1526                     14.14                  21
1527                     14.38                  23
1528                     14.71                  24
1529                     14.55                  24
1530                     14.31                  22
1531                     14.22                  22
1532                     14.13                  24
1533                     14.71                  23
1534                     14.80                  23
1535                     14.36                  21
1536                     14.31                  23
1537                     14.33                  21
1538                     14.24                  20
1539                     15.66                  25
1540                     14.71                  22
1541                     14.38                  19
1542                     14.48                  18
1543                     14.73                  17
1544                     14.18                  18
1545                     14.15                  19
1546                     14.13                  20
1547                     14.12                  19
1548                     14.10                  21
1549                     14.64                  21
1550                     14.69                  21
1551                     14.34                  18
1552                     21.26                  21
1553                     14.50                  17
1554                     14.37                  18
1555                     21.31                  19
1556                     14.36                  17
1557                     14.40                  17
1558                     14.56                  19
1559                     14.39                  19
1560                     14.31                  17
1561                     21.13                  18
1562                     14.44                  18
1563                     14.32                  19
1564                     20.83                  16
1565                     14.53                  19
1566                     15.01                  17
1567                     20.89                  16
1568                     15.48                  18
1569                     14.68                  20
1570                     21.05                  20
1571                     15.51                  19
1572                     14.79                  21
1573                     14.59                  21
1574                     14.56                  23
1575                     14.67                  24
1576                     21.21                  22
1577                     15.40                  24
1578                     14.93                  22
1579                     14.36                  20
1580                     14.81                  19
1581                     14.40                  22
1582                     14.44                  22
1583                     14.69                  20
1584                     14.56                  19
1585                     14.43                  16
1586                     14.93                  16
1587                     15.00                  16
1588                     14.50                  19
1589                     21.83                  19
1590                     15.12                  19
1591                     14.43                  19
1592                     22.17                  19
1593                     14.60                  21
1594                     14.84                  18
1595                     14.41                  20
1596                     14.93                  22
1597                     14.58                  21
1598                     14.44                  20
1599                     17.17                  20
1600                     14.41                  19
1601                     14.26                  20
1602                     21.10                  18
1603                     14.29                  18
1604                     14.23                  18
1605                     14.73                  18
1606                     14.48                  15
1607                     14.37                  16
1608                     14.26                  18
1609                     14.79                  19
1610                     14.70                  20
1611                     14.26                  18
1612                     15.02                  20
1613                     14.88                  17
1614                     14.40                  17
1615                     26.37                  20
1616                     15.30                  17
1617                     14.76                  20
1618                     23.35                  19
1619                     15.44                  19
1620                     14.49                  21
1621                     28.80                  17
1622                     15.52                  19
1623                     15.86                  17
1624                     23.03                  16
1625                     15.29                  15
1626                     15.50                  14
1627                     14.42                  18
1628                     22.99                  17
1629                     15.86                  18
1630                     14.81                  15
1631                     27.14                  20
1632                     14.89                  19
1633                     14.79                  24
1634                     29.11                  23
1635                     14.80                  20
1636                     14.62                  22
1637                     14.40                  17
1638                     15.76                  18
1639                     15.70                  17
1640                     14.98                  20
1641                     23.15                  17
1642                     16.12                  21
1643                     15.45                  21
1644                     27.79                  22
1645                     15.34                  21
1646                     15.39                  24
1647                     30.05                  21
1648                     31.37                  19
1649                     16.40                  22
1650                     15.70                  19
1651                     40.04                  18
1652                     16.29                  19
1653                     15.72                  18
1654                     30.43                  17
1655                     16.48                  20
1656                     15.92                  18
1657                     32.00                  19
1658                     30.75                  20
1659                     15.99                  18
1660                     26.15                  18
1661                     35.93                  18
1662                     15.68                  15
1663                     15.71                  22
1664                     39.14                  23
1665                     16.23                  22
1666                     15.55                  22
1667                     37.99                  24
1668                     16.09                  21
1669                     15.50                  21
1670                     38.01                  25
1671                     19.95                  22
1672                     15.93                  27
1673                     39.34                  25
1674                     17.66                  25
1675                     16.22                  23
1676                     33.02                  24
1677                     31.47                  23
1678                     16.31                  24
1679                     15.59                  22
1680                     22.49                  22
1681                     15.01                  21
1682                     14.81                  23
1683                     26.65                  25
1684                     15.61                  22
1685                     14.59                  22
1686                     14.35                  21
1687                     15.91                  20
1688                     15.14                  20
1689                     14.43                  21
1690                     15.28                  21
1691                     15.06                  23
1692                     14.76                  19
1693                     14.94                  19
1694                     14.63                  21
1695                     14.25                  19
1696                     16.04                  19
1697                     14.91                  18
1698                     14.38                  20
1699                     15.12                  19
1700                     15.29                  20
1701                     14.41                  19
1702                     21.50                  18
1703                     15.38                  17
1704                     14.47                  19
1705                     14.46                  16
1706                     14.95                  18
1707                     15.06                  19
1708                     22.83                  18
1709                     14.42                  17
1710                     14.23                  20
1711                     17.08                  20
1712                     15.57                  19
1713                     15.18                  21
1714                     29.07                  22
1715                     14.66                  22
1716                     15.17                  21
1717                     14.86                  21
1718                     15.84                  20
1719                     16.34                  20
1720                     14.86                  22
1721                     20.05                  21
1722                     15.06                  18
1723                     14.48                  21
1724                     18.71                  21
1725                     15.26                  22
1726                     15.06                  21
1727                     24.85                  19
1728                     15.07                  20
1729                     14.63                  20
1730                     28.16                  21
1731                     15.00                  19
1732                     14.40                  21
1733                     28.57                  19
1734                     14.87                  20
1735                     14.76                  19
1736                     14.48                  19
1737                     16.64                  18
1738                     15.34                  18
1739                     14.39                  18
1740                     15.72                  18
1741                     15.97                  19
1742                     15.07                  20
1743                     25.67                  21
1744                     14.81                  22
1745                     14.89                  22
1746                     30.39                  21
1747                     16.00                  24
1748                     15.69                  25
1749                     31.33                  22
1750                     15.15                  24
1751                     14.38                  21
1752                     30.64                  18
1753                     15.71                  19
1754                     15.67                  17
1755                     14.50                  16
1756                     22.12                  17
1757                     16.59                  17
1758                     15.01                  16
1759                     20.15                  18
1760                     16.51                  18
1761                     15.72                  18
1762                     28.50                  17
1763                     16.00                  15
1764                     14.63                  14
1765                     29.46                  16
1766                     15.58                  17
1767                     14.58                  16
1768                     32.05                  17
1769                     15.43                  19
1770                     14.83                  20
1771                     31.95                  22
1772                     15.80                  21
1773                     16.27                  19
1774                     14.55                  21
1775                     14.84                  19
1776                     14.93                  20
1777                     14.72                  16
1778                     15.24                  18
1779                     14.95                  17
1780                     14.27                  16
1781                     14.17                  17
1782                     14.78                  16
1783                     14.29                  17
1784                     14.14                  17
1785                     14.77                  16
1786                     14.50                  18
1787                     18.99                  19
1788                     14.59                  18
1789                     14.49                  17
1790                     14.50                  15
1791                     14.56                  17
1792                     14.49                  17
1793                     14.46                  16
1794                     15.23                  16
1795                     14.86                  15
1796                     14.49                  15
1797                     14.57                  15
1798                     14.19                  15
1799                     14.30                  16
