Frame        Inference_Time_ms    Objects_Detected
0                       177.61                  14
1                        29.89                  12
2                        28.32                  12
3                        28.25                  13
4                        28.19                  15
5                        28.15                  15
6                        28.16                  11
7                        28.16                  14
8                        28.11                  13
9                        28.13                  14
10                       16.69                  14
11                       16.37                  14
12                       16.39                  15
13                       15.83                  15
14                       15.77                  14
15                       15.62                  16
16                       15.60                  16
17                       15.61                  16
18                       15.57                  16
19                       14.34                  17
20                       14.16                  14
21                       15.11                  18
22                       15.79                  15
23                       15.22                  16
24                       15.11                  16
25                       15.30                  14
26                       15.74                  14
27                       15.58                  14
28                       15.01                  14
29                       14.79                  17
30                       14.75                  14
31                       14.38                  15
32                       15.27                  15
33                       15.59                  16
34                       15.57                  15
35                       15.42                  16
36                       15.32                  14
37                       15.52                  15
38                       15.30                  15
39                       15.30                  15
40                       14.22                  14
41                       14.20                  13
42                       14.93                  14
43                       15.81                  14
44                       15.65                  15
45                       15.47                  14
46                       15.37                  13
47                       15.48                  13
48                       14.18                  14
49                       14.39                  12
50                       15.06                  14
51                       14.79                  13
52                       15.56                  15
53                       15.77                  16
54                       16.44                  16
55                       15.69                  15
56                       15.27                  15
57                       14.32                  13
58                       14.14                  16
59                       14.43                  16
60                       14.47                  16
61                       14.20                  15
62                       14.09                  16
63                       14.07                  18
64                       14.04                  15
65                       14.50                  16
66                       14.27                  14
67                       14.16                  13
68                       14.16                  14
69                       14.12                  14
70                       14.12                  10
71                       14.10                  10
72                       14.04                  11
73                       14.22                  14
74                       14.12                  14
75                       14.14                  15
76                       14.07                  13
77                       14.26                  15
78                       14.36                  16
79                       14.24                  18
80                       14.12                  14
81                       14.33                  16
82                       14.39                  16
83                       14.16                  18
84                       14.14                  17
85                       14.24                  17
86                       14.19                  15
87                       14.11                  15
88                       14.56                  14
89                       14.16                  18
90                       14.27                  16
91                       14.12                  15
92                       14.09                  16
93                       14.25                  16
94                       14.11                  15
95                       14.09                  17
96                       14.39                  15
97                       14.12                  15
98                       14.51                  15
99                       14.19                  17
100                      14.24                  15
101                      14.26                  16
102                      14.70                  15
103                      14.28                  15
104                      14.31                  16
105                      23.72                  16
106                      24.66                  19
107                      14.84                  21
108                      15.42                  19
109                      14.45                  18
110                      23.74                  16
111                      15.69                  17
112                      14.98                  18
113                      23.29                  13
114                      15.26                  12
115                      14.80                  15
116                      26.65                  14
117                      15.38                  15
118                      14.78                  18
119                      27.77                  19
120                      14.98                  17
121                      15.11                  17
122                      28.06                  16
123                      15.06                  15
124                      14.85                  15
125                      27.50                  15
126                      16.12                  14
127                      16.07                  15
128                      15.92                  14
129                      15.89                  13
130                      30.82                  15
131                      15.74                  14
132                      15.47                  15
133                      15.39                  16
134                      15.38                  16
135                      15.59                  13
136                      21.78                  13
137                      15.48                  13
138                      15.15                  14
139                      15.42                  13
140                      15.77                  14
141                      15.71                  16
142                      23.80                  15
143                      15.65                  12
144                      15.52                  13
145                      15.12                  16
146                      15.37                  13
147                      15.98                  12
148                      24.20                  12
149                      15.52                  14
150                      15.37                  12
151                      15.22                  14
152                      15.22                  14
153                      15.59                  17
154                      24.09                  14
155                      15.67                  17
156                      15.55                  14
157                      15.44                  12
158                      16.17                  13
159                      15.32                  14
160                      24.05                  14
161                      15.66                  14
162                      15.64                  14
163                      15.53                  15
164                      15.38                  14
165                      15.25                  11
166                      31.61                  13
167                      15.33                  14
168                      15.11                  14
169                      15.16                  15
170                      15.94                  15
171                      15.52                  13
172                      21.96                  15
173                      14.95                  15
174                      14.35                  14
175                      20.90                  16
176                      15.21                  13
177                      14.52                  14
178                      18.27                  13
179                      14.90                  15
180                      14.47                  14
181                      28.35                  15
182                      15.24                  15
183                      14.23                  14
184                      15.12                  15
185                      15.81                  13
186                      15.74                  14
187                      23.76                  17
188                      15.35                  16
189                      14.53                  15
190                      27.08                  17
191                      14.90                  17
192                      14.43                  15
193                      14.16                  17
194                      14.56                  17
195                      14.36                  16
196                      14.39                  14
197                      19.56                  14
198                      14.51                  18
199                      14.46                  17
200                      19.92                  14
201                      14.62                  13
202                      14.27                  11
203                      26.13                  11
204                      14.30                  13
205                      14.38                  13
206                      27.87                  12
207                      14.49                  14
208                      14.42                  14
209                      27.69                  12
210                      14.83                  13
211                      14.51                  12
212                      14.25                  12
213                      15.07                  11
214                      15.14                  11
215                      14.40                  13
216                      15.12                  13
217                      28.00                  12
218                      14.90                  12
219                      14.47                  13
220                      14.92                  13
221                      15.58                  14
222                      27.61                  15
223                      15.28                  17
224                      14.36                  17
225                      28.06                  13
226                      15.27                  13
227                      14.78                  13
228                      27.35                  13
229                      14.76                  13
230                      14.34                  13
231                      30.73                  14
232                      15.58                  13
233                      15.46                  14
234                      36.50                  13
235                      15.92                  16
236                      15.52                  15
237                      15.36                  14
238                      15.19                  12
239                      38.47                  13
240                      15.99                  14
241                      15.81                  15
242                      15.60                  13
243                      25.64                  14
244                      29.60                  13
245                      15.78                  13
246                      15.26                  12
247                      15.59                  14
248                      20.08                  13
249                      35.64                  12
250                      15.55                  12
251                      14.86                  14
252                      15.29                  13
253                      33.05                  13
254                      18.72                  14
255                      15.47                  18
256                      14.84                  17
257                      22.06                  18
258                      14.61                  19
259                      33.31                  20
260                      19.30                  20
261                      15.88                  20
262                      15.19                  18
263                      25.14                  20
264                      15.57                  22
265                      15.59                  17
266                      32.86                  18
267                      14.85                  20
268                      14.61                  19
269                      34.91                  21
270                      15.28                  19
271                      15.06                  18
272                      14.49                  18
273                      19.06                  19
274                      14.77                  18
275                      14.30                  17
276                      27.44                  18
277                      14.74                  16
278                      14.36                  15
279                      29.13                  17
280                      15.26                  17
281                      15.52                  20
282                      15.90                  20
283                      16.14                  20
284                      33.34                  20
285                      15.34                  20
286                      15.17                  22
287                      14.78                  21
288                      33.67                  20
289                      15.10                  21
290                      14.68                  22
291                      35.27                  21
292                      15.25                  17
293                      14.79                  17
294                      14.31                  20
295                      14.11                  15
296                      14.13                  18
297                      14.11                  17
298                      14.39                  23
299                      14.17                  21
300                      14.11                  21
301                      14.09                  21
302                      14.08                  21
303                      14.04                  20
304                      14.10                  23
305                      14.20                  22
306                      14.06                  20
307                      14.44                  20
308                      14.67                  19
309                      15.41                  21
310                      14.53                  19
311                      15.20                  19
312                      16.10                  20
313                      15.81                  22
314                      14.59                  21
315                      14.28                  22
316                      14.43                  23
317                      14.15                  24
318                      14.15                  23
319                      14.21                  24
320                      14.12                  22
321                      14.23                  21
322                      14.32                  22
323                      14.21                  22
324                      34.48                  21
325                      24.84                  21
326                      15.62                  21
327                      14.63                  21
328                      37.82                  22
329                      15.48                  22
330                      15.08                  23
331                      32.37                  25
332                      15.66                  24
333                      14.80                  22
334                      36.17                  22
335                      14.75                  23
336                      14.89                  22
337                      34.20                  24
338                      18.95                  23
339                      16.16                  22
340                      15.52                  18
341                      15.39                  20
342                      39.99                  21
343                      15.61                  14
344                      15.49                  17
345                      15.63                  17
346                      31.88                  19
347                      25.40                  21
348                      15.56                  21
349                      29.94                  20
350                      29.79                  21
351                      15.41                  18
352                      14.75                  18
353                      39.35                  18
354                      15.08                  19
355                      14.53                  18
356                      22.05                  18
357                      14.43                  16
358                      14.20                  17
359                      21.07                  19
360                      14.08                  17
361                      14.24                  16
362                      21.09                  17
363                      14.09                  18
364                      14.38                  17
365                      15.08                  16
366                      14.19                  17
367                      14.23                  16
368                      15.39                  20
369                      16.14                  20
370                      24.53                  18
371                      15.63                  22
372                      15.48                  24
373                      15.37                  24
374                      15.43                  23
375                      15.64                  21
376                      23.91                  20
377                      15.64                  20
378                      15.45                  22
379                      15.07                  19
380                      14.39                  20
381                      14.68                  20
382                      14.61                  17
383                      14.25                  19
384                      14.85                  19
385                      14.51                  20
386                      14.22                  19
387                      14.84                  19
388                      14.61                  17
389                      14.50                  20
390                      15.20                  20
391                      14.59                  19
392                      14.21                  20
393                      14.34                  20
394                      14.91                  19
395                      14.80                  23
396                      15.09                  20
397                      15.46                  20
398                      15.70                  19
399                      15.48                  19
400                      14.86                  20
401                      14.61                  20
402                      17.12                  20
403                      14.21                  16
404                      14.18                  19
405                      14.22                  18
406                      14.36                  16
407                      14.33                  17
408                      20.60                  19
409                      15.17                  18
410                      14.77                  17
411                      22.06                  14
412                      14.69                  20
413                      14.21                  16
414                      21.18                  22
415                      14.46                  20
416                      14.22                  19
417                      14.14                  20
418                      14.89                  17
419                      14.50                  19
420                      16.48                  20
421                      17.18                  19
422                      14.93                  18
423                      14.24                  21
424                      14.20                  19
425                      14.41                  15
426                      22.42                  17
427                      15.55                  18
428                      15.59                  18
429                      14.73                  21
430                      19.78                  16
431                      14.66                  21
432                      14.34                  20
433                      21.32                  20
434                      14.23                  22
435                      14.34                  19
436                      21.36                  19
437                      14.31                  19
438                      14.33                  18
439                      21.58                  15
440                      14.57                  18
441                      14.26                  17
442                      27.23                  20
443                      14.88                  21
444                      14.71                  23
445                      14.24                  20
446                      15.17                  20
447                      14.55                  21
448                      29.33                  18
449                      15.05                  20
450                      15.24                  19
451                      14.34                  19
452                      24.65                  16
453                      15.13                  17
454                      14.35                  17
455                      27.54                  20
456                      14.54                  17
457                      14.23                  19
458                      28.50                  18
459                      14.72                  20
460                      14.22                  19
461                      27.52                  20
462                      14.85                  19
463                      14.54                  24
464                      14.30                  23
465                      15.29                  24
466                      14.79                  22
467                      28.88                  25
468                      14.48                  21
469                      14.36                  26
470                      14.13                  22
471                      14.38                  23
472                      14.60                  22
473                      14.40                  25
474                      17.39                  23
475                      14.59                  23
476                      14.39                  26
477                      19.69                  21
478                      15.05                  24
479                      14.41                  23
480                      14.17                  24
481                      14.11                  21
482                      14.19                  21
483                      14.12                  26
484                      14.36                  21
485                      14.13                  24
486                      14.09                  20
487                      14.60                  24
488                      14.24                  19
489                      14.10                  20
490                      14.97                  21
491                      14.47                  21
492                      15.67                  22
493                      15.60                  20
494                      15.55                  17
495                      15.52                  17
496                      15.60                  19
497                      15.91                  19
498                      14.77                  19
499                      14.17                  19
500                      14.16                  20
501                      14.09                  20
502                      14.60                  20
503                      14.27                  17
504                      14.08                  18
505                      14.08                  19
506                      14.07                  18
507                      14.29                  18
508                      14.15                  17
509                      14.58                  18
510                      28.13                  17
511                      14.91                  22
512                      14.42                  20
513                      36.63                  20
514                      15.35                  21
515                      14.57                  21
516                      40.56                  21
517                      15.23                  23
518                      14.83                  21
519                      15.37                  23
520                      38.25                  21
521                      15.44                  19
522                      15.33                  21
523                      15.67                  22
524                      15.62                  18
525                      31.67                  20
526                      15.78                  21
527                      15.16                  18
528                      38.65                  19
529                      15.26                  19
530                      15.37                  19
531                      28.58                  20
532                      21.82                  21
533                      14.96                  20
534                      34.95                  19
535                      15.53                  20
536                      15.71                  20
537                      41.96                  19
538                      15.39                  19
539                      15.43                  18
540                      14.98                  17
541                      15.79                  17
542                      15.36                  18
543                      14.48                  22
544                      34.47                  19
545                      15.48                  20
546                      15.52                  21
547                      15.14                  22
548                      15.14                  21
549                      31.73                  23
550                      15.67                  18
551                      15.52                  17
552                      15.62                  18
553                      15.64                  16
554                      29.91                  16
555                      17.06                  18
556                      15.87                  18
557                      15.85                  18
558                      15.90                  17
559                      27.55                  18
560                      16.65                  17
561                      14.74                  16
562                      30.72                  16
563                      14.93                  16
564                      14.49                  15
565                      14.23                  15
566                      19.58                  16
567                      14.83                  16
568                      14.49                  17
569                      23.33                  18
570                      15.10                  18
571                      14.83                  20
572                      42.15                  19
573                      15.06                  19
574                      15.07                  17
575                      14.76                  18
576                      17.91                  19
577                      15.08                  17
578                      14.75                  18
579                      20.11                  17
580                      16.09                  17
581                      35.42                  17
582                      15.30                  15
583                      15.87                  15
584                      15.78                  17
585                      17.64                  19
586                      16.07                  18
587                      15.81                  17
588                      21.95                  16
589                      15.82                  15
590                      15.19                  16
591                      27.03                  15
592                      15.26                  16
593                      14.83                  16
594                      35.02                  17
595                      15.59                  17
596                      15.77                  17
597                      37.50                  16
598                      15.24                  16
599                      14.95                  16
600                      19.47                  16
601                      19.90                  15
602                      15.58                  17
603                      26.48                  16
604                      14.72                  16
605                      14.19                  17
606                      27.76                  16
607                      14.69                  15
608                      14.59                  16
609                      14.97                  15
610                      14.70                  16
611                      14.32                  17
612                      14.22                  17
613                      14.77                  18
614                      15.07                  18
615                      14.49                  16
616                      15.51                  17
617                      15.38                  17
618                      27.59                  18
619                      15.06                  18
620                      15.65                  18
621                      14.61                  19
622                      16.36                  19
623                      15.23                  18
624                      14.43                  21
625                      29.83                  19
626                      14.89                  20
627                      15.12                  21
628                      27.70                  21
629                      14.94                  20
630                      14.41                  19
631                      27.62                  19
632                      15.08                  17
633                      14.72                  18
634                      14.52                  17
635                      26.44                  14
636                      15.73                  15
637                      14.77                  16
638                      26.88                  17
639                      15.25                  16
640                      14.58                  18
641                      29.83                  17
642                      15.25                  16
643                      15.57                  18
644                      16.76                  18
645                      29.34                  16
646                      15.78                  18
647                      15.75                  18
648                      15.73                  18
649                      15.73                  21
650                      33.71                  22
651                      15.46                  21
652                      15.40                  21
653                      15.56                  20
654                      15.85                  20
655                      30.21                  18
656                      16.87                  17
657                      15.90                  18
658                      15.74                  19
659                      15.72                  19
660                      31.19                  19
661                      14.98                  19
662                      14.74                  22
663                      34.82                  20
664                      15.26                  21
665                      15.34                  19
666                      14.83                  20
667                      27.07                  20
668                      15.18                  21
669                      28.13                  21
670                      24.73                  20
671                      16.04                  20
672                      15.64                  19
673                      30.32                  20
674                      15.72                  21
675                      15.71                  21
676                      37.85                  20
677                      15.37                  18
678                      15.14                  19
679                      39.63                  22
680                      15.45                  22
681                      15.48                  22
682                      31.35                  22
683                      19.32                  21
684                      15.03                  21
685                      30.00                  22
686                      28.01                  21
687                      15.35                  20
688                      14.41                  19
689                      28.81                  21
690                      15.54                  19
691                      15.36                  19
692                      32.53                  17
693                      15.27                  19
694                      14.63                  19
695                      31.09                  19
696                      15.16                  18
697                      14.59                  19
698                      38.55                  18
699                      25.49                  19
700                      15.72                  20
701                      29.01                  21
702                      32.48                  21
703                      15.84                  20
704                      15.98                  20
705                      36.70                  22
706                      15.61                  19
707                      15.84                  23
708                      39.18                  24
709                      16.27                  23
710                      15.66                  22
711                      38.89                  22
712                      15.63                  23
713                      15.46                  22
714                      36.37                  25
715                      24.86                  24
716                      15.86                  23
717                      36.17                  22
718                      25.21                  19
719                      15.71                  22
720                      33.16                  22
721                      27.51                  23
722                      15.63                  24
723                      14.72                  25
724                      38.61                  23
725                      15.97                  26
726                      28.42                  22
727                      32.48                  25
728                      15.88                  24
729                      14.86                  23
730                      28.00                  26
731                      15.23                  24
732                      15.30                  18
733                      30.58                  18
734                      15.41                  21
735                      14.95                  24
736                      30.41                  21
737                      15.67                  18
738                      15.49                  21
739                      31.08                  19
740                      14.90                  19
741                      14.41                  20
742                      34.96                  19
743                      15.31                  20
744                      14.98                  19
745                      28.49                  16
746                      24.21                  19
747                      15.60                  17
748                      14.61                  19
749                      24.63                  24
750                      14.63                  23
751                      14.29                  22
752                      33.38                  21
753                      16.30                  20
754                      15.56                  22
755                      35.23                  20
756                      15.35                  20
757                      15.49                  20
758                      35.10                  15
759                      15.31                  19
760                      15.60                  17
761                      21.56                  18
762                      14.24                  17
763                      14.62                  20
764                      18.47                  20
765                      14.35                  21
766                      14.67                  23
767                      17.84                  22
768                      14.75                  21
769                      14.52                  17
770                      21.03                  20
771                      14.50                  17
772                      14.13                  19
773                      21.07                  16
774                      14.31                  18
775                      14.29                  15
776                      21.15                  19
777                      14.28                  19
778                      14.38                  19
779                      14.61                  21
780                      14.99                  20
781                      14.88                  18
782                      14.64                  18
783                      14.27                  17
784                      14.77                  20
785                      14.51                  19
786                      21.62                  17
787                      14.33                  19
788                      14.85                  19
789                      21.30                  19
790                      14.10                  20
791                      14.10                  19
792                      14.11                  16
793                      14.34                  17
794                      14.57                  17
795                      14.28                  17
796                      14.29                  19
797                      14.10                  17
798                      14.09                  18
799                      14.10                  15
800                      14.02                  18
801                      14.18                  18
802                      14.10                  18
803                      14.41                  21
804                      14.21                  19
805                      14.14                  20
806                      14.19                  20
807                      14.17                  18
808                      14.09                  19
809                      14.09                  18
810                      14.06                  19
811                      14.02                  20
812                      14.39                  17
813                      14.30                  16
814                      14.33                  19
815                      14.19                  17
816                      14.25                  21
817                      14.06                  22
818                      14.10                  22
819                      14.33                  21
820                      14.24                  20
821                      14.12                  22
822                      27.19                  26
823                      24.74                  23
824                      15.26                  23
825                      14.43                  24
826                      28.53                  24
827                      15.96                  23
828                      14.98                  21
829                      30.10                  21
830                      15.35                  22
831                      14.99                  22
832                      34.48                  20
833                      15.28                  19
834                      14.85                  16
835                      14.34                  19
836                      22.12                  20
837                      16.02                  21
838                      14.86                  19
839                      22.59                  19
840                      15.48                  18
841                      14.99                  18
842                      28.72                  18
843                      15.43                  17
844                      14.50                  17
845                      15.26                  19
846                      16.06                  20
847                      16.27                  18
848                      28.89                  19
849                      14.96                  23
850                      14.40                  21
851                      29.18                  20
852                      14.86                  19
853                      14.62                  17
854                      27.74                  17
855                      15.12                  16
856                      14.60                  17
857                      27.51                  19
858                      15.05                  21
859                      14.33                  23
860                      28.36                  23
861                      15.61                  22
862                      15.34                  22
863                      29.72                  22
864                      15.14                  22
865                      15.63                  22
866                      27.93                  23
867                      15.05                  21
868                      15.31                  22
869                      14.39                  20
870                      16.29                  20
871                      16.30                  21
872                      14.73                  19
873                      28.16                  22
874                      14.67                  22
875                      14.34                  20
876                      28.83                  22
877                      15.15                  24
878                      14.67                  21
879                      14.79                  23
880                      16.86                  23
881                      15.06                  24
882                      14.66                  22
883                      19.30                  23
884                      14.68                  23
885                      14.62                  21
886                      14.59                  20
887                      14.42                  21
888                      14.42                  19
889                      15.54                  21
890                      14.63                  21
891                      14.36                  21
892                      16.78                  20
893                      14.89                  21
894                      14.81                  21
895                      21.18                  22
896                      14.48                  20
897                      14.28                  21
898                      27.09                  20
899                      14.71                  18
900                      14.60                  21
901                      28.48                  22
902                      14.68                  20
903                      15.97                  19
904                      14.18                  18
905                      23.43                  19
906                      14.71                  20
907                      14.75                  19
908                      22.93                  22
909                      14.63                  20
910                      14.42                  21
911                      21.98                  22
912                      14.89                  22
913                      15.00                  22
914                      28.21                  23
915                      15.40                  22
916                      15.26                  22
917                      35.09                  23
918                      16.30                  20
919                      15.93                  18
920                      15.50                  16
921                      35.33                  16
922                      15.18                  16
923                      14.86                  17
924                      36.18                  17
925                      15.48                  18
926                      15.51                  20
927                      37.76                  19
928                      15.14                  19
929                      14.60                  21
930                      40.46                  23
931                      15.58                  21
932                      15.05                  20
933                      33.79                  22
934                      15.00                  20
935                      14.72                  21
936                      35.66                  19
937                      15.46                  17
938                      15.13                  21
939                      29.74                  19
940                      21.42                  20
941                      15.26                  17
942                      27.68                  19
943                      19.09                  17
944                      15.70                  15
945                      14.78                  13
946                      29.96                  13
947                      15.57                  12
948                      14.66                  12
949                      14.33                  12
950                      14.84                  16
951                      14.17                  16
952                      14.17                  13
953                      14.91                  13
954                      14.34                  11
955                      14.28                  13
956                      14.73                  12
957                      14.34                  13
958                      21.75                  11
959                      14.98                  11
960                      14.50                  13
961                      14.42                  12
962                      14.97                  13
963                      14.50                  14
964                      14.37                  12
965                      14.51                  13
966                      14.29                  15
967                      15.02                  14
968                      14.46                  13
969                      14.27                  12
970                      14.32                  13
971                      14.39                  13
972                      14.29                  14
973                      14.25                  12
974                      14.32                  14
975                      14.27                  15
976                      14.35                  15
977                      17.07                  15
978                      14.55                  13
979                      14.31                  14
980                      26.10                  12
981                      14.66                  12
982                      14.30                  12
983                      28.88                  13
984                      14.38                  14
985                      14.24                  13
986                      34.96                  13
987                      15.21                  14
988                      15.04                  14
989                      27.80                  13
990                      24.61                  12
991                      15.45                  12
992                      14.41                  13
993                      26.51                  13
994                      14.54                  13
995                      14.27                  14
996                      30.49                  14
997                      15.60                  12
998                      14.71                  13
999                      28.27                  14
1000                     15.23                  15
1001                     14.44                  15
1002                     32.60                  15
1003                     15.95                  15
1004                     15.31                  16
1005                     35.51                  16
1006                     15.35                  14
1007                     15.51                  14
1008                     14.82                  15
1009                     16.97                  14
1010                     15.74                  16
1011                     14.56                  17
1012                     15.46                  16
1013                     15.23                  17
1014                     14.42                  16
1015                     24.98                  15
1016                     15.94                  15
1017                     14.76                  16
1018                     30.10                  15
1019                     15.58                  14
1020                     15.13                  14
1021                     32.13                  13
1022                     15.29                  14
1023                     14.77                  13
1024                     35.41                  12
1025                     15.32                  14
1026                     14.75                  14
1027                     14.75                  15
1028                     16.20                  16
1029                     14.91                  16
1030                     14.66                  16
1031                     27.89                  13
1032                     15.01                  13
1033                     14.37                  13
1034                     34.20                  13
1035                     15.03                  13
1036                     14.46                  15
1037                     28.60                  14
1038                     14.81                  16
1039                     14.44                  14
1040                     26.99                  16
1041                     21.91                  14
1042                     15.10                  13
1043                     14.54                  16
1044                     14.19                  14
1045                     14.04                  15
1046                     14.05                  14
1047                     14.05                  14
1048                     14.06                  14
1049                     14.07                  13
1050                     14.35                  11
1051                     14.20                  13
1052                     14.03                  10
1053                     14.06                  14
1054                     14.34                  13
1055                     14.08                  12
1056                     14.06                  13
1057                     14.03                  17
1058                     14.16                  15
1059                     14.05                  16
1060                     14.13                  16
1061                     14.09                  16
1062                     14.05                  14
1063                     13.99                  14
1064                     14.00                  14
1065                     14.01                  17
1066                     14.40                  15
1067                     14.58                  14
1068                     14.31                  14
1069                     14.05                  11
1070                     14.19                  14
1071                     14.09                  13
1072                     14.07                  12
1073                     31.42                  13
1074                     19.14                  14
1075                     15.24                  12
1076                     14.87                  15
1077                     31.54                  18
1078                     15.07                  17
1079                     14.36                  15
1080                     30.28                  16
1081                     15.12                  18
1082                     14.46                  14
1083                     31.18                  12
1084                     15.13                  11
1085                     14.59                  13
1086                     31.76                  11
1087                     16.21                  17
1088                     15.78                  17
1089                     26.56                  17
1090                     27.69                  19
1091                     15.47                  19
1092                     15.10                  17
1093                     28.32                  19
1094                     15.36                  20
1095                     14.64                  21
1096                     35.24                  18
1097                     15.28                  16
1098                     15.18                  18
1099                     33.34                  16
1100                     15.45                  17
1101                     15.84                  17
1102                     28.15                  15
1103                     16.35                  16
1104                     16.42                  17
1105                     22.15                  16
1106                     14.30                  17
1107                     14.28                  16
1108                     21.57                  17
1109                     14.66                  17
1110                     14.33                  17
1111                     14.15                  16
1112                     14.28                  16
1113                     14.35                  21
1114                     14.37                  17
1115                     15.87                  17
1116                     14.50                  16
1117                     14.48                  17
1118                     17.06                  17
1119                     14.33                  14
1120                     14.32                  13
1121                     21.49                  16
1122                     14.42                  14
1123                     14.38                  13
1124                     21.64                  13
1125                     14.70                  14
1126                     14.47                  15
1127                     21.55                  14
1128                     14.22                  15
1129                     14.22                  12
1130                     14.17                  15
1131                     14.83                  14
1132                     14.28                  14
1133                     21.42                  13
1134                     14.67                  15
1135                     14.74                  17
1136                     14.25                  15
1137                     24.24                  13
1138                     15.28                  16
1139                     14.38                  16
1140                     24.26                  17
1141                     15.52                  18
1142                     14.93                  15
1143                     29.30                  15
1144                     15.16                  17
1145                     14.79                  17
1146                     32.99                  17
1147                     15.23                  17
1148                     14.67                  15
1149                     14.61                  20
1150                     21.00                  14
1151                     15.54                  14
1152                     14.63                  17
1153                     20.44                  15
1154                     15.35                  15
1155                     14.70                  13
1156                     30.16                  13
1157                     15.26                  14
1158                     14.58                  15
1159                     27.19                  16
1160                     15.45                  17
1161                     15.18                  18
1162                     27.78                  14
1163                     14.48                  14
1164                     14.33                  12
1165                     26.71                  13
1166                     14.43                  14
1167                     14.30                  16
1168                     29.76                  16
1169                     15.03                  14
1170                     14.42                  14
1171                     22.84                  15
1172                     15.49                  16
1173                     14.78                  15
1174                     28.15                  18
1175                     16.11                  18
1176                     14.76                  20
1177                     14.40                  16
1178                     25.09                  18
1179                     14.83                  19
1180                     14.59                  17
1181                     29.29                  17
1182                     14.61                  17
1183                     14.30                  18
1184                     28.29                  15
1185                     14.87                  17
1186                     14.38                  15
1187                     28.76                  16
1188                     14.83                  15
1189                     14.31                  16
1190                     28.78                  15
1191                     14.58                  13
1192                     14.34                  12
1193                     27.64                  13
1194                     15.24                  11
1195                     14.87                  12
1196                     14.53                  12
1197                     14.56                  13
1198                     14.41                  12
1199                     16.47                  14
1200                     17.71                  14
1201                     15.73                  12
1202                     14.30                  13
1203                     15.52                  11
1204                     15.21                  12
1205                     14.32                  11
1206                     20.19                  12
1207                     15.07                  14
1208                     14.48                  12
1209                     21.21                  14
1210                     14.83                  14
1211                     14.36                  15
1212                     28.77                  16
1213                     14.49                  14
1214                     14.25                  15
1215                     27.46                  16
1216                     14.69                  16
1217                     15.11                  16
1218                     27.87                  16
1219                     14.61                  15
1220                     14.47                  17
1221                     14.17                  19
1222                     15.23                  16
1223                     15.37                  16
1224                     14.48                  16
1225                     17.55                  17
1226                     15.16                  14
1227                     14.43                  16
1228                     18.28                  14
1229                     14.62                  14
1230                     14.61                  13
1231                     25.48                  13
1232                     15.63                  14
1233                     15.20                  14
1234                     28.28                  15
1235                     15.27                  15
1236                     15.05                  14
1237                     27.66                  15
1238                     15.30                  17
1239                     15.60                  18
1240                     27.56                  16
1241                     15.25                  13
1242                     16.23                  15
1243                     27.83                  13
1244                     15.57                  13
1245                     16.10                  16
1246                     15.06                  15
1247                     22.14                  14
1248                     15.13                  13
1249                     14.49                  13
1250                     14.69                  15
1251                     14.58                  15
1252                     14.67                  15
1253                     26.66                  15
1254                     15.78                  15
1255                     15.20                  14
1256                     27.90                  13
1257                     15.29                  13
1258                     15.09                  18
1259                     27.47                  15
1260                     15.78                  16
1261                     14.79                  15
1262                     36.07                  15
1263                     15.26                  13
1264                     14.65                  15
1265                     34.55                  13
1266                     16.51                  12
1267                     15.06                  12
1268                     28.68                  15
1269                     24.43                  15
1270                     15.53                  13
1271                     14.49                  12
1272                     29.87                  12
1273                     16.31                  14
1274                     15.55                  14
1275                     30.91                  14
1276                     15.61                  14
1277                     14.54                  15
1278                     30.75                  15
1279                     15.61                  13
1280                     14.90                  15
1281                     32.23                  13
1282                     18.79                  17
1283                     14.99                  14
1284                     32.41                  16
1285                     18.93                  14
1286                     15.14                  14
1287                     15.30                  15
1288                     28.77                  17
1289                     15.55                  17
1290                     14.48                  15
1291                     35.10                  16
1292                     15.84                  15
1293                     15.77                  15
1294                     21.22                  13
1295                     15.10                  13
1296                     14.53                  15
1297                     21.28                  15
1298                     14.89                  13
1299                     14.28                  16
1300                     20.95                  15
1301                     15.21                  17
1302                     14.35                  18
1303                     20.66                  19
1304                     15.05                  19
1305                     14.22                  17
1306                     20.90                  19
1307                     14.16                  17
1308                     14.97                  16
1309                     14.34                  17
1310                     14.98                  15
1311                     14.63                  15
1312                     14.22                  16
1313                     20.29                  14
1314                     15.83                  14
1315                     14.38                  17
1316                     16.32                  15
1317                     15.31                  16
1318                     14.42                  17
1319                     14.25                  17
1320                     14.99                  15
1321                     14.42                  15
1322                     19.33                  14
1323                     14.81                  13
1324                     14.30                  13
1325                     34.88                  13
1326                     15.27                  12
1327                     14.93                  13
1328                     32.63                  14
1329                     15.22                  15
1330                     14.76                  12
1331                     29.68                  15
1332                     22.00                  15
1333                     15.51                  15
1334                     15.02                  17
1335                     28.39                  17
1336                     15.49                  17
1337                     15.36                  15
1338                     24.14                  15
1339                     15.52                  16
1340                     15.80                  12
1341                     27.70                  14
1342                     15.63                  16
1343                     14.75                  16
1344                     30.61                  17
1345                     22.08                  13
1346                     16.17                  15
1347                     21.63                  16
1348                     21.25                  14
1349                     16.31                  14
1350                     14.87                  13
1351                     29.63                  12
1352                     15.92                  15
1353                     15.20                  12
1354                     33.41                  13
1355                     15.16                  14
1356                     14.67                  16
1357                     28.68                  12
1358                     15.28                  14
1359                     14.67                  14
1360                     32.31                  15
1361                     15.15                  13
1362                     16.05                  15
1363                     27.44                  15
1364                     15.40                  14
1365                     15.38                  12
1366                     14.39                  13
1367                     17.54                  12
1368                     15.08                  12
1369                     15.15                  15
1370                     23.20                  16
1371                     15.21                  14
1372                     14.33                  13
1373                     25.04                  11
1374                     15.38                  11
1375                     14.53                  15
1376                     21.65                  12
1377                     15.28                  13
1378                     14.34                  13
1379                     28.18                  14
1380                     15.26                  16
1381                     14.51                  16
1382                     28.56                  15
1383                     14.47                  15
1384                     14.96                  15
1385                     29.43                  16
1386                     15.12                  16
1387                     15.14                  16
1388                     14.79                  17
1389                     19.07                  15
1390                     15.34                  14
1391                     14.40                  14
1392                     20.12                  15
1393                     14.84                  17
1394                     14.49                  15
1395                     21.05                  14
1396                     15.46                  14
1397                     14.71                  16
1398                     28.25                  14
1399                     14.86                  16
1400                     14.42                  15
1401                     23.82                  13
1402                     14.70                  13
1403                     14.25                  14
1404                     28.82                  14
1405                     14.96                  14
1406                     14.53                  13
1407                     28.45                  15
1408                     15.31                  13
1409                     14.77                  14
1410                     14.79                  14
1411                     15.17                  13
1412                     15.18                  11
1413                     14.34                  13
1414                     21.08                  14
1415                     16.05                  13
1416                     14.38                  14
1417                     24.10                  13
1418                     15.76                  13
1419                     14.90                  13
1420                     19.19                  14
1421                     14.92                  14
1422                     14.42                  15
1423                     21.16                  16
1424                     14.50                  16
1425                     14.27                  16
1426                     20.89                  14
1427                     14.25                  13
1428                     14.08                  13
1429                     14.35                  15
1430                     14.28                  15
1431                     14.16                  13
1432                     14.06                  16
1433                     14.45                  14
1434                     14.18                  14
1435                     14.14                  14
1436                     22.21                  15
1437                     14.26                  16
1438                     14.35                  14
1439                     18.55                  12
1440                     14.07                  12
1441                     14.30                  12
1442                     14.18                  14
1443                     14.44                  13
1444                     14.34                  13
1445                     21.19                  11
1446                     14.40                  12
1447                     14.91                  13
1448                     15.03                  16
1449                     14.97                  12
1450                     14.83                  13
1451                     14.30                  13
1452                     29.67                  11
1453                     21.52                  13
1454                     15.80                  16
1455                     15.82                  17
1456                     28.77                  17
1457                     14.65                  18
1458                     14.39                  18
1459                     33.61                  19
1460                     15.29                  19
1461                     15.27                  20
1462                     26.87                  21
1463                     15.34                  20
1464                     14.50                  19
1465                     30.67                  18
1466                     15.65                  17
1467                     15.10                  19
1468                     32.03                  20
1469                     15.73                  19
1470                     14.76                  20
1471                     35.26                  19
1472                     15.44                  19
1473                     15.18                  19
1474                     32.57                  17
1475                     19.55                  15
1476                     15.99                  16
1477                     28.58                  17
1478                     25.02                  17
1479                     15.62                  18
1480                     14.56                  17
1481                     33.42                  19
1482                     15.93                  20
1483                     14.92                  21
1484                     14.87                  20
1485                     14.49                  17
1486                     14.89                  19
1487                     14.36                  21
1488                     14.20                  22
1489                     14.16                  20
1490                     14.17                  20
1491                     14.19                  21
1492                     14.19                  17
1493                     14.15                  18
1494                     14.42                  18
1495                     14.17                  16
1496                     14.25                  18
1497                     14.44                  18
1498                     14.20                  21
1499                     14.11                  20
1500                     15.01                  21
1501                     14.89                  21
1502                     14.86                  21
1503                     15.93                  20
1504                     15.69                  21
1505                     14.62                  22
1506                     14.79                  20
1507                     14.30                  20
1508                     14.35                  20
1509                     14.13                  20
1510                     14.10                  21
1511                     14.08                  19
1512                     14.67                  20
1513                     14.30                  23
1514                     14.54                  23
1515                     14.98                  23
1516                     14.57                  22
1517                     18.44                  23
1518                     14.65                  23
1519                     14.23                  23
1520                     21.69                  22
1521                     14.18                  23
1522                     14.06                  22
1523                     20.71                  21
1524                     14.85                  21
1525                     14.46                  19
1526                     14.32                  21
1527                     14.33                  23
1528                     14.39                  24
1529                     14.31                  24
1530                     14.22                  22
1531                     14.57                  22
1532                     20.75                  24
1533                     14.27                  23
1534                     14.36                  23
1535                     14.28                  21
1536                     14.36                  23
1537                     14.26                  21
1538                     20.91                  20
1539                     14.20                  25
1540                     14.66                  22
1541                     14.22                  19
1542                     14.37                  18
1543                     14.15                  17
1544                     29.37                  18
1545                     19.50                  19
1546                     16.27                  20
1547                     14.95                  19
1548                     24.01                  21
1549                     15.71                  21
1550                     14.73                  21
1551                     14.92                  19
1552                     31.15                  17
1553                     16.53                  18
1554                     15.79                  19
1555                     15.54                  19
1556                     15.59                  17
1557                     32.75                  17
1558                     15.69                  19
1559                     15.42                  19
1560                     25.23                  17
1561                     15.57                  18
1562                     14.62                  18
1563                     25.99                  19
1564                     15.49                  16
1565                     15.76                  19
1566                     33.17                  17
1567                     15.57                  16
1568                     16.51                  18
1569                     29.03                  20
1570                     15.37                  20
1571                     16.00                  19
1572                     35.97                  21
1573                     15.31                  21
1574                     15.75                  23
1575                     14.82                  24
1576                     15.67                  22
1577                     15.59                  24
1578                     14.50                  22
1579                     22.43                  20
1580                     15.45                  19
1581                     14.63                  22
1582                     23.07                  22
1583                     15.53                  20
1584                     14.55                  19
1585                     34.91                  16
1586                     15.66                  16
1587                     14.39                  16
1588                     33.89                  19
1589                     15.96                  19
1590                     15.29                  19
1591                     30.94                  19
1592                     15.53                  19
1593                     14.91                  21
1594                     35.41                  18
1595                     15.44                  20
1596                     14.87                  22
1597                     14.32                  21
1598                     26.29                  20
1599                     16.30                  20
1600                     14.73                  19
1601                     25.93                  20
1602                     15.67                  18
1603                     14.45                  18
1604                     32.65                  18
1605                     16.02                  18
1606                     14.99                  15
1607                     14.57                  16
1608                     15.08                  18
1609                     14.27                  19
1610                     20.65                  20
1611                     15.58                  18
1612                     14.69                  20
1613                     21.54                  17
1614                     15.11                  17
1615                     14.50                  20
1616                     14.42                  17
1617                     14.45                  20
1618                     14.42                  19
1619                     14.38                  19
1620                     14.55                  21
1621                     14.43                  17
1622                     14.33                  19
1623                     21.50                  17
1624                     14.60                  16
1625                     14.48                  15
1626                     21.09                  14
1627                     14.30                  18
1628                     14.51                  17
1629                     14.31                  18
1630                     14.62                  15
1631                     14.89                  20
1632                     14.28                  19
1633                     14.78                  24
1634                     14.56                  23
1635                     14.15                  20
1636                     14.28                  22
1637                     14.56                  17
1638                     14.14                  18
1639                     14.23                  17
1640                     14.16                  20
1641                     14.17                  17
1642                     14.48                  21
1643                     14.43                  21
1644                     14.16                  22
1645                     14.29                  21
1646                     14.19                  24
1647                     14.22                  21
1648                     14.17                  19
1649                     14.29                  22
1650                     14.51                  19
1651                     14.75                  18
1652                     14.30                  19
1653                     14.32                  18
1654                     14.29                  17
1655                     14.27                  20
1656                     14.26                  18
1657                     14.44                  19
1658                     14.21                  20
1659                     14.27                  18
1660                     14.32                  18
1661                     14.12                  18
1662                     14.77                  15
1663                     14.21                  22
1664                     14.16                  23
1665                     14.17                  22
1666                     14.26                  22
1667                     14.15                  24
1668                     14.26                  21
1669                     24.01                  21
1670                     14.93                  25
1671                     14.76                  22
1672                     27.75                  27
1673                     14.96                  25
1674                     14.91                  25
1675                     27.95                  23
1676                     14.92                  24
1677                     15.39                  23
1678                     28.32                  24
1679                     14.48                  22
1680                     14.48                  22
1681                     27.92                  21
1682                     14.80                  23
1683                     14.80                  25
1684                     27.59                  22
1685                     14.83                  22
1686                     14.65                  21
1687                     14.34                  20
1688                     15.55                  20
1689                     15.84                  21
1690                     15.07                  21
1691                     17.03                  23
1692                     15.07                  19
1693                     15.06                  19
1694                     19.81                  21
1695                     15.15                  19
1696                     14.74                  19
1697                     26.04                  18
1698                     14.70                  20
1699                     15.40                  19
1700                     31.05                  20
1701                     30.77                  19
1702                     15.65                  18
1703                     14.86                  17
1704                     29.82                  19
1705                     15.72                  16
1706                     35.25                  18
1707                     26.01                  19
1708                     16.59                  18
1709                     16.64                  17
1710                     40.60                  20
1711                     15.44                  20
1712                     14.87                  19
1713                     41.09                  21
1714                     16.12                  22
1715                     15.86                  22
1716                     38.74                  21
1717                     15.52                  21
1718                     15.63                  20
1719                     29.71                  20
1720                     22.22                  22
1721                     15.24                  21
1722                     28.94                  18
1723                     31.45                  21
1724                     15.67                  21
1725                     14.89                  22
1726                     29.64                  21
1727                     15.27                  19
1728                     15.17                  20
1729                     35.62                  20
1730                     15.54                  21
1731                     14.71                  19
1732                     14.51                  21
1733                     14.40                  19
1734                     14.29                  20
1735                     14.69                  19
1736                     14.27                  19
1737                     14.19                  18
1738                     14.59                  18
1739                     14.43                  18
1740                     14.30                  18
1741                     14.29                  19
1742                     14.47                  20
1743                     14.36                  21
1744                     14.50                  22
1745                     14.25                  22
1746                     15.12                  21
1747                     14.42                  24
1748                     14.15                  25
1749                     14.53                  22
1750                     14.18                  24
1751                     14.13                  21
1752                     15.26                  18
1753                     18.40                  19
1754                     14.97                  17
1755                     15.06                  16
1756                     21.16                  17
1757                     14.29                  17
1758                     14.85                  16
1759                     21.37                  18
1760                     14.34                  18
1761                     14.20                  18
1762                     21.40                  17
1763                     14.69                  15
1764                     14.22                  14
1765                     15.48                  16
1766                     15.36                  17
1767                     14.65                  16
1768                     14.77                  17
1769                     14.71                  19
1770                     14.52                  20
1771                     14.49                  22
1772                     15.89                  21
1773                     14.24                  19
1774                     14.11                  21
1775                     20.21                  19
1776                     14.28                  20
1777                     14.14                  16
1778                     14.19                  18
1779                     14.98                  17
1780                     14.67                  16
1781                     21.25                  17
1782                     14.62                  16
1783                     14.29                  17
1784                     19.50                  17
1785                     15.21                  16
1786                     14.42                  18
1787                     21.32                  19
1788                     14.61                  18
1789                     14.35                  17
1790                     14.29                  15
1791                     14.71                  17
1792                     14.53                  17
1793                     14.33                  16
1794                     26.46                  16
1795                     16.43                  15
1796                     15.34                  15
1797                     25.79                  15
1798                     15.43                  15
1799                     15.03                  16
