Frame        Inference_Time_ms    Objects_Detected
0                       181.32                  14
1                        30.29                  12
2                        28.58                  12
3                        28.47                  13
4                        28.44                  15
5                        23.98                  15
6                        22.88                  11
7                        22.89                  14
8                        23.26                  13
9                        23.02                  14
10                       22.81                  14
11                       22.79                  14
12                       22.85                  15
13                       22.77                  15
14                       16.94                  14
15                       16.32                  16
16                       16.23                  16
17                       17.06                  16
18                       17.16                  16
19                       16.29                  17
20                       16.00                  14
21                       15.12                  18
22                       14.74                  14
23                       14.58                  15
24                       14.50                  16
25                       14.75                  16
26                       14.44                  14
27                       14.80                  14
28                       14.47                  14
29                       15.05                  17
30                       15.15                  13
31                       15.28                  14
32                       14.83                  14
33                       14.86                  15
34                       14.91                  16
35                       14.95                  15
36                       14.78                  14
37                       15.10                  14
38                       16.10                  15
39                       14.82                  15
40                       14.77                  16
41                       14.50                  14
42                       14.69                  13
43                       14.52                  14
44                       14.34                  14
45                       14.61                  15
46                       14.20                  14
47                       14.82                  13
48                       14.56                  14
49                       15.42                  12
50                       14.99                  14
51                       14.80                  14
52                       15.35                  13
53                       14.41                  15
54                       15.27                  16
55                       14.55                  15
56                       14.92                  15
57                       15.04                  13
58                       14.41                  16
59                       14.77                  16
60                       14.47                  16
61                       14.76                  15
62                       14.43                  16
63                       15.57                  18
64                       14.73                  15
65                       14.45                  16
66                       14.84                  14
67                       14.67                  13
68                       15.91                  14
69                       14.87                  14
70                       14.58                  10
71                       14.73                  10
72                       14.54                  11
73                       15.39                  14
74                       14.90                  14
75                       14.70                  15
76                       14.66                  13
77                       15.15                  15
78                       14.58                  16
79                       15.17                  18
80                       14.76                  14
81                       14.78                  16
82                       14.86                  16
83                       14.70                  18
84                       15.15                  17
85                       14.95                  17
86                       14.97                  15
87                       15.37                  15
88                       15.58                  14
89                       15.47                  18
90                       15.02                  16
91                       15.07                  15
92                       14.95                  16
93                       14.91                  16
94                       15.10                  15
95                       15.51                  17
96                       15.20                  15
97                       15.09                  15
98                       15.63                  15
99                       15.04                  17
100                      15.20                  15
101                      15.01                  16
102                      15.83                  15
103                      15.60                  15
104                      15.04                  16
105                      24.33                  16
106                      16.07                  19
107                      39.79                  21
108                      29.88                  19
109                      16.43                  18
110                      39.08                  16
111                      34.89                  17
112                      17.29                  13
113                      32.41                  13
114                      41.95                  12
115                      16.18                  15
116                      20.35                  14
117                      45.07                  15
118                      19.23                  18
119                      16.64                  19
120                      45.94                  17
121                      30.19                  17
122                      16.85                  16
123                      35.86                  15
124                      40.36                  15
125                      17.82                  15
126                      35.31                  12
127                      40.23                  14
128                      16.59                  15
129                      28.72                  14
130                      45.36                  13
131                      16.62                  15
132                      27.26                  13
133                      44.59                  15
134                      20.87                  15
135                      16.42                  16
136                      43.47                  13
137                      25.37                  14
138                      16.84                  13
139                      41.47                  14
140                      36.47                  13
141                      16.28                  14
142                      42.72                  16
143                      30.37                  12
144                      16.50                  13
145                      40.15                  13
146                      36.32                  13
147                      16.67                  13
148                      35.75                  12
149                      40.17                  12
150                      16.65                  14
151                      35.85                  12
152                      42.29                  15
153                      17.42                  17
154                      38.80                  17
155                      38.47                  14
156                      16.89                  14
157                      36.54                  14
158                      41.70                  12
159                      16.63                  14
160                      35.38                  14
161                      41.28                  14
162                      16.73                  14
163                      35.29                  14
164                      41.46                  14
165                      16.97                  14
166                      35.70                  11
167                      42.01                  14
168                      16.70                  15
169                      35.34                  14
170                      45.41                  13
171                      16.92                  15
172                      38.91                  15
173                      39.62                  14
174                      16.80                  16
175                      40.46                  13
176                      39.40                  14
177                      16.97                  13
178                      39.23                  13
179                      39.15                  14
180                      16.93                  15
181                      38.62                  15
182                      37.92                  15
183                      16.98                  14
184                      40.08                  15
185                      40.50                  14
186                      17.14                  16
187                      41.29                  16
188                      36.37                  15
189                      16.85                  17
190                      41.21                  17
191                      36.91                  15
192                      16.71                  17
193                      38.04                  17
194                      38.67                  16
195                      16.91                  14
196                      37.79                  14
197                      38.31                  14
198                      16.95                  17
199                      38.51                  14
200                      20.82                  13
201                      16.25                  11
202                      16.07                  11
203                      31.13                  11
204                      28.06                  14
205                      16.87                  13
206                      16.40                  12
207                      37.50                  14
208                      18.51                  14
209                      17.46                  12
210                      29.21                  13
211                      28.09                  12
212                      16.87                  12
213                      37.35                  11
214                      16.13                  11
215                      15.77                  13
216                      15.28                  13
217                      34.25                  12
218                      17.21                  12
219                      16.96                  13
220                      16.95                  14
221                      16.91                  16
222                      16.70                  16
223                      33.54                  17
224                      15.23                  17
225                      33.38                  13
226                      20.74                  13
227                      16.72                  13
228                      16.66                  13
229                      40.02                  13
230                      16.46                  13
231                      17.00                  14
232                      39.82                  13
233                      29.14                  14
234                      17.12                  14
235                      46.19                  13
236                      30.84                  17
237                      17.16                  15
238                      40.13                  14
239                      32.79                  12
240                      17.24                  13
241                      39.75                  15
242                      39.03                  14
243                      16.90                  13
244                      40.34                  14
245                      33.49                  13
246                      16.28                  13
247                      40.91                  13
248                      32.75                  14
249                      17.15                  12
250                      44.43                  14
251                      30.08                  13
252                      17.00                  13
253                      42.28                  13
254                      36.45                  19
255                      17.02                  17
256                      37.01                  18
257                      41.58                  19
258                      17.08                  20
259                      35.98                  20
260                      41.12                  20
261                      16.94                  18
262                      36.51                  20
263                      45.80                  22
264                      16.42                  17
265                      46.28                  16
266                      40.31                  20
267                      19.30                  19
268                      45.97                  21
269                      30.23                  19
270                      31.73                  18
271                      45.94                  18
272                      25.02                  19
273                      38.34                  18
274                      46.01                  17
275                      16.73                  18
276                      46.11                  16
277                      38.41                  15
278                      19.26                  17
279                      44.72                  18
280                      31.16                  17
281                      32.75                  20
282                      45.38                  20
283                      25.05                  20
284                      43.14                  21
285                      45.44                  22
286                      17.19                  21
287                      45.01                  20
288                      38.10                  21
289                      19.25                  22
290                      46.64                  21
291                      16.75                  17
292                      16.48                  17
293                      31.40                  20
294                      37.79                  15
295                      16.93                  18
296                      16.68                  17
297                      35.15                  22
298                      34.98                  21
299                      16.64                  20
300                      16.51                  23
301                      32.66                  21
302                      33.87                  20
303                      17.04                  23
304                      17.02                  22
305                      35.47                  20
306                      35.99                  20
307                      17.06                  19
308                      16.81                  21
309                      32.52                  20
310                      33.93                  19
311                      17.00                  20
312                      17.00                  22
313                      35.51                  21
314                      36.21                  22
315                      17.16                  22
316                      16.58                  24
317                      33.00                  22
318                      34.88                  24
319                      17.33                  22
320                      16.73                  21
321                      36.40                  21
322                      33.44                  22
323                      16.81                  22
324                      16.20                  21
325                      42.22                  21
326                      25.62                  21
327                      16.74                  21
328                      33.60                  22
329                      41.20                  22
330                      16.99                  25
331                      32.72                  25
332                      45.73                  24
333                      16.96                  22
334                      32.74                  22
335                      43.66                  23
336                      16.71                  24
337                      31.30                  24
338                      46.33                  20
339                      16.87                  23
340                      31.38                  23
341                      45.38                  18
342                      16.70                  19
343                      31.78                  19
344                      45.56                  14
345                      16.68                  19
346                      31.22                  19
347                      44.26                  21
348                      17.37                  19
349                      28.52                  21
350                      46.40                  18
351                      16.75                  18
352                      30.37                  18
353                      46.50                  18
354                      17.48                  18
355                      31.75                  18
356                      45.88                  17
357                      16.94                  17
358                      32.17                  19
359                      46.46                  17
360                      17.06                  16
361                      33.68                  17
362                      44.44                  18
363                      16.79                  18
364                      33.47                  16
365                      43.86                  17
366                      16.60                  17
367                      32.88                  16
368                      43.60                  20
369                      17.08                  20
370                      32.51                  19
371                      42.77                  22
372                      16.76                  24
373                      33.11                  24
374                      43.04                  23
375                      16.78                  21
376                      32.99                  20
377                      43.55                  22
378                      16.81                  19
379                      32.88                  20
380                      44.59                  20
381                      17.18                  17
382                      33.06                  19
383                      44.47                  19
384                      17.24                  20
385                      33.67                  19
386                      43.04                  19
387                      16.71                  17
388                      32.90                  20
389                      43.30                  20
390                      17.23                  19
391                      32.11                  20
392                      45.37                  20
393                      17.10                  19
394                      29.81                  19
395                      46.60                  23
396                      16.64                  20
397                      30.22                  19
398                      46.31                  19
399                      17.08                  20
400                      30.42                  20
401                      46.36                  20
402                      16.85                  16
403                      30.24                  19
404                      47.25                  18
405                      17.02                  17
406                      29.95                  17
407                      46.25                  19
408                      16.84                  18
409                      29.48                  17
410                      46.38                  14
411                      16.80                  20
412                      29.37                  16
413                      47.07                  22
414                      16.70                  20
415                      23.06                  19
416                      44.37                  20
417                      17.46                  17
418                      16.96                  17
419                      47.52                  19
420                      16.95                  20
421                      16.93                  18
422                      38.14                  21
423                      34.02                  21
424                      17.00                  16
425                      17.13                  15
426                      38.01                  18
427                      30.95                  18
428                      17.21                  22
429                      17.03                  17
430                      42.52                  18
431                      28.79                  20
432                      17.02                  21
433                      16.87                  20
434                      43.24                  22
435                      25.54                  19
436                      16.78                  19
437                      16.49                  19
438                      44.46                  18
439                      17.03                  15
440                      17.48                  18
441                      44.45                  17
442                      16.99                  20
443                      17.26                  21
444                      41.18                  23
445                      17.28                  20
446                      17.04                  20
447                      44.64                  21
448                      18.47                  18
449                      17.52                  20
450                      43.72                  19
451                      25.63                  19
452                      17.22                  16
453                      39.17                  17
454                      46.31                  17
455                      17.60                  20
456                      42.33                  17
457                      37.10                  19
458                      17.39                  18
459                      45.04                  20
460                      35.11                  19
461                      16.98                  20
462                      44.05                  19
463                      34.60                  24
464                      16.38                  24
465                      42.41                  24
466                      35.13                  22
467                      16.63                  21
468                      42.61                  21
469                      35.83                  22
470                      16.65                  23
471                      42.31                  23
472                      35.95                  22
473                      17.27                  25
474                      45.92                  23
475                      28.28                  26
476                      21.21                  22
477                      46.43                  24
478                      29.48                  23
479                      30.67                  23
480                      47.21                  21
481                      18.72                  21
482                      38.90                  21
483                      30.48                  20
484                      16.97                  24
485                      33.14                  19
486                      38.21                  23
487                      16.81                  19
488                      16.64                  20
489                      47.19                  22
490                      31.21                  24
491                      16.78                  21
492                      29.19                  23
493                      47.16                  22
494                      16.84                  17
495                      17.37                  19
496                      47.06                  19
497                      32.04                  19
498                      17.63                  19
499                      31.63                  19
500                      43.09                  20
501                      16.92                  20
502                      16.50                  20
503                      47.17                  17
504                      31.86                  19
505                      17.70                  18
506                      32.21                  18
507                      44.78                  18
508                      17.18                  18
509                      16.69                  17
510                      47.02                  17
511                      30.71                  22
512                      16.92                  20
513                      32.14                  20
514                      46.13                  21
515                      17.14                  21
516                      16.54                  21
517                      44.59                  23
518                      23.91                  21
519                      16.74                  19
520                      43.36                  23
521                      22.39                  19
522                      17.50                  19
523                      35.67                  22
524                      36.09                  20
525                      16.68                  21
526                      16.28                  21
527                      38.34                  18
528                      17.27                  18
529                      16.72                  19
530                      41.07                  19
531                      24.51                  20
532                      46.74                  21
533                      20.30                  20
534                      16.31                  20
535                      32.33                  20
536                      38.37                  20
537                      17.17                  19
538                      17.30                  19
539                      46.88                  18
540                      17.31                  17
541                      17.52                  17
542                      44.15                  18
543                      25.22                  22
544                      17.74                  19
545                      31.50                  20
546                      38.34                  18
547                      17.44                  21
548                      16.53                  21
549                      30.74                  22
550                      17.48                  25
551                      32.10                  17
552                      23.25                  18
553                      16.87                  18
554                      15.89                  16
555                      30.93                  16
556                      23.97                  18
557                      17.86                  18
558                      17.25                  17
559                      29.80                  18
560                      15.82                  17
561                      28.91                  16
562                      26.95                  16
563                      17.26                  16
564                      17.50                  15
565                      36.01                  15
566                      16.73                  16
567                      16.69                  16
568                      37.22                  17
569                      17.07                  18
570                      17.50                  18
571                      37.62                  20
572                      16.44                  19
573                      17.29                  19
574                      28.51                  17
575                      30.78                  18
576                      18.44                  19
577                      15.57                  17
578                      33.12                  18
579                      17.60                  17
580                      16.73                  17
581                      38.33                  17
582                      17.17                  15
583                      16.92                  15
584                      43.48                  17
585                      18.79                  19
586                      16.67                  18
587                      38.01                  17
588                      27.72                  16
589                      16.81                  15
590                      20.84                  16
591                      44.01                  15
592                      16.75                  16
593                      16.41                  16
594                      45.02                  17
595                      17.65                  17
596                      17.46                  17
597                      45.73                  16
598                      22.08                  16
599                      17.53                  16
600                      35.68                  16
601                      32.12                  15
602                      17.19                  17
603                      15.89                  16
604                      45.34                  16
605                      16.99                  17
606                      16.99                  16
607                      43.08                  15
608                      18.90                  16
609                      16.91                  15
610                      40.97                  16
611                      16.69                  17
612                      16.42                  17
613                      30.83                  18
614                      34.41                  18
615                      17.23                  16
616                      15.91                  17
617                      42.26                  17
618                      17.45                  18
619                      16.12                  18
620                      40.24                  18
621                      17.49                  19
622                      16.59                  19
623                      22.36                  18
624                      17.85                  21
625                      17.20                  19
626                      42.07                  20
627                      17.00                  21
628                      18.56                  21
629                      40.78                  20
630                      17.40                  19
631                      17.29                  19
632                      41.70                  17
633                      16.73                  18
634                      17.64                  17
635                      31.24                  14
636                      17.08                  16
637                      16.85                  16
638                      36.79                  17
639                      30.61                  16
640                      16.59                  18
641                      15.80                  17
642                      42.11                  16
643                      24.27                  18
644                      17.35                  18
645                      39.39                  18
646                      25.36                  16
647                      34.06                  18
648                      33.56                  18
649                      17.20                  21
650                      19.37                  22
651                      46.09                  22
652                      17.29                  21
653                      17.69                  21
654                      46.03                  21
655                      23.41                  20
656                      17.22                  18
657                      43.98                  17
658                      24.89                  18
659                      17.36                  19
660                      37.61                  19
661                      34.26                  19
662                      16.64                  22
663                      16.36                  20
664                      43.08                  21
665                      16.84                  19
666                      39.57                  20
667                      33.93                  21
668                      17.24                  21
669                      17.15                  21
670                      49.43                  20
671                      21.92                  19
672                      17.06                  19
673                      39.88                  20
674                      31.68                  21
675                      17.25                  21
676                      32.52                  20
677                      17.25                  18
678                      17.57                  19
679                      16.94                  22
680                      42.46                  22
681                      15.95                  23
682                      15.53                  22
683                      27.64                  21
684                      16.50                  21
685                      15.79                  22
686                      31.69                  21
687                      16.49                  20
688                      15.62                  19
689                      38.13                  21
690                      16.16                  19
691                      16.14                  19
692                      33.71                  17
693                      19.24                  19
694                      16.82                  19
695                      37.28                  19
696                      17.04                  18
697                      16.83                  19
698                      27.51                  18
699                      29.27                  19
700                      17.00                  20
701                      16.39                  21
702                      41.90                  21
703                      16.27                  20
704                      15.44                  20
705                      31.66                  22
706                      16.27                  19
707                      15.67                  23
708                      34.95                  24
709                      31.80                  23
710                      17.45                  22
711                      28.55                  22
712                      39.84                  23
713                      17.47                  22
714                      31.21                  25
715                      34.90                  24
716                      17.56                  23
717                      16.57                  22
718                      39.78                  19
719                      21.48                  22
720                      17.23                  22
721                      45.97                  23
722                      17.36                  24
723                      17.32                  25
724                      41.05                  23
725                      29.69                  26
726                      17.29                  22
727                      35.13                  25
728                      33.32                  24
729                      17.05                  23
730                      18.95                  26
731                      44.62                  24
732                      16.84                  18
733                      16.66                  18
734                      44.41                  21
735                      17.40                  24
736                      17.52                  21
737                      44.07                  18
738                      18.56                  21
739                      17.51                  19
740                      44.43                  19
741                      21.39                  20
742                      17.03                  19
743                      41.77                  20
744                      25.28                  19
745                      17.27                  16
746                      37.72                  19
747                      33.53                  17
748                      17.05                  19
749                      34.34                  24
750                      33.62                  23
751                      17.49                  22
752                      17.21                  21
753                      44.56                  20
754                      17.70                  22
755                      17.36                  20
756                      44.62                  20
757                      19.18                  20
758                      17.56                  15
759                      37.49                  19
760                      33.86                  17
761                      17.21                  18
762                      35.92                  17
763                      31.49                  20
764                      17.57                  20
765                      24.50                  21
766                      39.97                  23
767                      17.03                  22
768                      16.38                  21
769                      41.33                  17
770                      22.42                  20
771                      17.34                  17
772                      46.14                  19
773                      17.03                  16
774                      41.38                  18
775                      22.19                  19
776                      18.07                  19
777                      43.99                  19
778                      28.98                  19
779                      17.67                  20
780                      37.23                  20
781                      35.74                  18
782                      17.28                  17
783                      17.04                  17
784                      49.02                  20
785                      21.63                  17
786                      17.27                  17
787                      42.03                  19
788                      29.36                  19
789                      16.97                  20
790                      34.01                  20
791                      43.82                  19
792                      17.14                  16
793                      16.96                  17
794                      49.99                  17
795                      22.10                  17
796                      16.74                  19
797                      44.68                  17
798                      32.13                  18
799                      18.15                  15
800                      35.93                  18
801                      41.71                  18
802                      17.80                  18
803                      30.47                  21
804                      40.37                  19
805                      17.32                  20
806                      17.36                  20
807                      41.50                  18
808                      31.12                  19
809                      16.98                  18
810                      16.90                  19
811                      45.07                  20
812                      16.75                  17
813                      30.82                  16
814                      33.50                  19
815                      17.41                  17
816                      17.37                  21
817                      46.92                  22
818                      17.20                  22
819                      16.46                  21
820                      44.76                  20
821                      17.82                  22
822                      17.38                  26
823                      43.08                  23
824                      28.63                  23
825                      17.05                  24
826                      41.60                  24
827                      24.64                  23
828                      17.56                  21
829                      39.20                  21
830                      31.38                  22
831                      17.47                  22
832                      38.47                  20
833                      29.52                  19
834                      17.40                  16
835                      17.16                  19
836                      46.68                  20
837                      22.01                  21
838                      17.54                  19
839                      34.37                  19
840                      17.98                  18
841                      18.96                  18
842                      45.00                  18
843                      17.24                  17
844                      40.62                  17
845                      34.60                  20
846                      18.34                  20
847                      31.52                  18
848                      41.26                  19
849                      18.07                  23
850                      17.00                  21
851                      46.06                  20
852                      24.86                  19
853                      17.32                  17
854                      37.60                  17
855                      34.31                  16
856                      18.11                  19
857                      28.88                  19
858                      43.94                  21
859                      17.36                  23
860                      32.98                  23
861                      38.15                  22
862                      18.03                  22
863                      17.51                  22
864                      45.14                  22
865                      19.60                  22
866                      40.94                  23
867                      16.83                  22
868                      17.80                  22
869                      17.70                  20
870                      36.27                  20
871                      22.06                  21
872                      17.57                  19
873                      16.64                  22
874                      27.61                  22
875                      17.68                  20
876                      27.34                  22
877                      30.05                  24
878                      17.74                  21
879                      16.47                  23
880                      39.83                  23
881                      16.89                  24
882                      15.65                  22
883                      37.98                  23
884                      19.24                  23
885                      18.14                  21
886                      31.58                  20
887                      25.07                  21
888                      17.55                  19
889                      34.44                  21
890                      17.32                  21
891                      17.22                  21
892                      35.13                  20
893                      23.57                  21
894                      16.86                  21
895                      15.96                  22
896                      32.64                  20
897                      17.64                  21
898                      16.61                  20
899                      39.63                  18
900                      25.37                  21
901                      17.87                  22
902                      45.63                  20
903                      22.36                  19
904                      16.69                  18
905                      42.65                  19
906                      36.84                  20
907                      17.28                  19
908                      35.78                  22
909                      41.51                  20
910                      17.37                  21
911                      42.52                  22
912                      35.81                  22
913                      17.04                  23
914                      31.81                  23
915                      47.51                  22
916                      17.27                  23
917                      16.95                  23
918                      47.07                  20
919                      26.24                  18
920                      17.65                  16
921                      43.26                  16
922                      29.54                  16
923                      17.18                  17
924                      36.30                  17
925                      42.86                  18
926                      17.32                  19
927                      18.98                  19
928                      48.03                  19
929                      25.03                  21
930                      17.45                  23
931                      42.22                  21
932                      29.71                  20
933                      16.94                  20
934                      16.74                  20
935                      28.10                  21
936                      17.21                  17
937                      17.04                  17
938                      47.99                  21
939                      24.16                  19
940                      17.58                  20
941                      31.06                  17
942                      41.40                  19
943                      17.53                  17
944                      17.25                  15
945                      35.81                  13
946                      17.32                  13
947                      16.97                  12
948                      44.83                  12
949                      17.33                  12
950                      17.22                  16
951                      46.55                  16
952                      20.81                  13
953                      17.46                  13
954                      31.79                  11
955                      28.83                  13
956                      17.51                  12
957                      39.73                  13
958                      25.03                  11
959                      37.32                  11
960                      17.78                  12
961                      17.78                  13
962                      17.58                  14
963                      31.29                  12
964                      24.87                  13
965                      17.19                  15
966                      17.52                  14
967                      17.64                  13
968                      36.35                  13
969                      16.93                  13
970                      16.51                  13
971                      16.48                  14
972                      31.15                  13
973                      24.95                  14
974                      17.45                  15
975                      17.26                  15
976                      17.64                  15
977                      38.03                  13
978                      17.25                  14
979                      16.71                  13
980                      16.66                  12
981                      34.63                  12
982                      25.90                  13
983                      16.63                  14
984                      16.71                  13
985                      16.88                  13
986                      44.74                  14
987                      17.82                  13
988                      16.97                  13
989                      17.07                  12
990                      31.47                  12
991                      25.79                  13
992                      17.38                  13
993                      17.49                  13
994                      18.08                  13
995                      47.80                  14
996                      22.03                  12
997                      17.38                  12
998                      47.63                  13
999                      21.90                  14
1000                     37.64                  15
1001                     40.92                  15
1002                     17.45                  15
1003                     17.07                  16
1004                     48.11                  16
1005                     22.42                  14
1006                     17.58                  14
1007                     43.28                  15
1008                     28.90                  14
1009                     17.51                  14
1010                     34.69                  16
1011                     42.39                  16
1012                     17.72                  17
1013                     17.81                  16
1014                     46.42                  16
1015                     17.44                  15
1016                     16.71                  15
1017                     43.01                  16
1018                     27.17                  15
1019                     17.28                  14
1020                     37.82                  14
1021                     34.27                  13
1022                     17.59                  14
1023                     29.02                  13
1024                     43.81                  12
1025                     17.51                  14
1026                     17.59                  14
1027                     44.42                  15
1028                     17.38                  16
1029                     15.61                  16
1030                     46.96                  16
1031                     17.55                  13
1032                     17.04                  13
1033                     43.77                  13
1034                     22.30                  13
1035                     17.99                  13
1036                     42.66                  15
1037                     18.97                  14
1038                     17.22                  16
1039                     29.25                  14
1040                     35.16                  16
1041                     17.01                  14
1042                     30.16                  13
1043                     34.02                  16
1044                     17.87                  14
1045                     17.69                  15
1046                     45.14                  14
1047                     17.01                  14
1048                     16.48                  14
1049                     43.79                  13
1050                     17.23                  11
1051                     17.55                  13
1052                     44.14                  10
1053                     17.42                  14
1054                     17.93                  13
1055                     44.93                  12
1056                     21.96                  13
1057                     17.83                  17
1058                     40.00                  15
1059                     43.93                  16
1060                     17.40                  16
1061                     48.68                  16
1062                     34.77                  14
1063                     21.62                  14
1064                     48.12                  17
1065                     29.49                  15
1066                     33.15                  14
1067                     47.84                  14
1068                     17.30                  11
1069                     41.39                  14
1070                     40.83                  13
1071                     17.58                  12
1072                     47.15                  13
1073                     34.82                  14
1074                     19.17                  12
1075                     48.09                  15
1076                     32.12                  18
1077                     30.75                  17
1078                     46.56                  17
1079                     22.01                  16
1080                     39.35                  18
1081                     43.11                  14
1082                     17.38                  12
1083                     48.82                  11
1084                     32.06                  13
1085                     32.01                  11
1086                     46.96                  17
1087                     17.31                  17
1088                     35.40                  17
1089                     45.58                  17
1090                     17.33                  19
1091                     35.73                  17
1092                     45.43                  19
1093                     17.17                  20
1094                     34.87                  21
1095                     45.07                  18
1096                     17.13                  16
1097                     34.05                  18
1098                     45.42                  16
1099                     17.35                  18
1100                     34.52                  17
1101                     45.40                  15
1102                     17.22                  16
1103                     34.23                  17
1104                     48.17                  16
1105                     17.01                  17
1106                     35.51                  16
1107                     42.58                  16
1108                     17.43                  17
1109                     33.78                  17
1110                     44.17                  16
1111                     17.08                  16
1112                     34.08                  21
1113                     46.31                  17
1114                     17.25                  17
1115                     34.45                  16
1116                     48.17                  17
1117                     19.32                  17
1118                     48.47                  14
1119                     41.39                  12
1120                     29.10                  16
1121                     48.27                  16
1122                     25.03                  13
1123                     40.08                  14
1124                     43.98                  14
1125                     30.50                  15
1126                     47.84                  14
1127                     23.27                  15
1128                     43.44                  15
1129                     38.76                  15
1130                     29.56                  15
1131                     46.95                  14
1132                     28.99                  13
1133                     36.64                  15
1134                     47.40                  17
1135                     19.36                  15
1136                     45.58                  13
1137                     34.46                  16
1138                     31.84                  16
1139                     46.37                  17
1140                     25.00                  18
1141                     42.11                  15
1142                     29.40                  15
1143                     17.21                  17
1144                     17.67                  17
1145                     49.40                  17
1146                     22.10                  17
1147                     17.71                  15
1148                     31.62                  20
1149                     34.75                  20
1150                     17.13                  14
1151                     16.88                  16
1152                     39.53                  15
1153                     34.92                  15
1154                     17.34                  13
1155                     17.36                  13
1156                     42.84                  14
1157                     29.69                  14
1158                     17.75                  15
1159                     17.64                  17
1160                     47.87                  18
1161                     17.82                  14
1162                     16.92                  14
1163                     34.70                  12
1164                     35.19                  12
1165                     17.56                  14
1166                     17.54                  16
1167                     39.99                  16
1168                     24.89                  14
1169                     16.96                  14
1170                     25.18                  15
1171                     43.29                  15
1172                     17.37                  15
1173                     17.32                  18
1174                     37.12                  18
1175                     30.33                  19
1176                     17.19                  16
1177                     16.96                  18
1178                     42.36                  19
1179                     28.98                  19
1180                     17.48                  17
1181                     35.50                  17
1182                     35.83                  18
1183                     17.56                  15
1184                     29.14                  17
1185                     44.21                  15
1186                     17.19                  16
1187                     17.02                  15
1188                     46.78                  16
1189                     25.86                  15
1190                     17.28                  13
1191                     37.17                  12
1192                     33.90                  13
1193                     17.23                  11
1194                     30.88                  12
1195                     44.41                  12
1196                     17.89                  12
1197                     26.78                  12
1198                     46.43                  14
1199                     19.77                  14
1200                     17.63                  12
1201                     41.99                  13
1202                     32.36                  11
1203                     17.50                  12
1204                     31.74                  11
1205                     44.30                  11
1206                     17.04                  14
1207                     17.31                  12
1208                     48.45                  14
1209                     22.12                  14
1210                     16.82                  15
1211                     42.17                  16
1212                     32.35                  14
1213                     17.20                  15
1214                     16.96                  16
1215                     40.38                  16
1216                     31.87                  16
1217                     17.52                  16
1218                     17.75                  16
1219                     40.05                  17
1220                     24.24                  19
1221                     16.95                  16
1222                     16.99                  16
1223                     47.78                  16
1224                     17.68                  17
1225                     17.47                  14
1226                     32.84                  16
1227                     38.02                  14
1228                     16.71                  14
1229                     16.92                  13
1230                     34.77                  13
1231                     28.63                  14
1232                     17.44                  14
1233                     16.91                  15
1234                     39.25                  15
1235                     32.00                  13
1236                     17.63                  14
1237                     17.32                  17
1238                     38.97                  17
1239                     24.88                  16
1240                     17.34                  13
1241                     16.86                  15
1242                     47.87                  15
1243                     22.39                  13
1244                     17.49                  13
1245                     33.05                  16
1246                     38.74                  15
1247                     18.04                  14
1248                     17.50                  13
1249                     47.20                  13
1250                     21.07                  15
1251                     34.97                  14
1252                     48.19                  15
1253                     17.21                  15
1254                     37.17                  14
1255                     42.43                  14
1256                     17.40                  13
1257                     39.36                  18
1258                     44.25                  15
1259                     17.24                  16
1260                     36.94                  16
1261                     46.19                  15
1262                     17.19                  13
1263                     37.88                  13
1264                     44.20                  13
1265                     16.95                  12
1266                     36.48                  12
1267                     43.22                  12
1268                     17.35                  15
1269                     40.08                  13
1270                     40.76                  12
1271                     17.40                  12
1272                     37.12                  14
1273                     45.89                  14
1274                     18.04                  14
1275                     40.54                  14
1276                     40.00                  15
1277                     17.02                  15
1278                     37.28                  13
1279                     35.06                  15
1280                     17.41                  13
1281                     17.19                  17
1282                     42.32                  14
1283                     29.81                  16
1284                     17.87                  14
1285                     17.77                  14
1286                     47.32                  15
1287                     24.81                  17
1288                     17.83                  17
1289                     32.97                  17
1290                     35.65                  16
1291                     17.40                  15
1292                     17.07                  15
1293                     37.28                  15
1294                     34.55                  13
1295                     17.55                  15
1296                     17.27                  15
1297                     39.48                  15
1298                     24.75                  13
1299                     16.70                  16
1300                     39.84                  15
1301                     20.00                  17
1302                     17.52                  18
1303                     34.78                  19
1304                     35.93                  19
1305                     18.01                  17
1306                     17.14                  19
1307                     33.32                  17
1308                     17.20                  16
1309                     16.96                  17
1310                     36.27                  15
1311                     17.75                  15
1312                     17.15                  16
1313                     43.12                  14
1314                     26.09                  14
1315                     16.76                  17
1316                     41.07                  15
1317                     32.36                  16
1318                     17.08                  17
1319                     43.81                  17
1320                     31.48                  15
1321                     17.52                  15
1322                     34.49                  14
1323                     41.92                  13
1324                     17.60                  13
1325                     30.31                  13
1326                     48.32                  12
1327                     18.22                  13
1328                     29.18                  14
1329                     48.54                  15
1330                     17.97                  12
1331                     29.72                  15
1332                     46.71                  15
1333                     17.55                  17
1334                     24.90                  17
1335                     46.53                  17
1336                     18.47                  15
1337                     17.12                  15
1338                     46.16                  15
1339                     26.13                  16
1340                     18.06                  12
1341                     42.15                  14
1342                     38.28                  16
1343                     17.76                  17
1344                     31.90                  17
1345                     48.35                  13
1346                     17.44                  16
1347                     36.66                  16
1348                     46.03                  14
1349                     18.37                  13
1350                     41.25                  14
1351                     41.87                  15
1352                     17.94                  12
1353                     40.38                  13
1354                     40.80                  14
1355                     17.94                  16
1356                     41.77                  13
1357                     41.86                  14
1358                     18.32                  14
1359                     40.79                  15
1360                     41.06                  13
1361                     17.74                  15
1362                     39.92                  15
1363                     43.79                  13
1364                     18.36                  12
1365                     41.27                  13
1366                     40.86                  12
1367                     17.85                  12
1368                     39.86                  15
1369                     40.74                  16
1370                     17.81                  14
1371                     39.35                  13
1372                     41.88                  11
1373                     18.34                  11
1374                     38.13                  15
1375                     45.90                  12
1376                     18.23                  13
1377                     45.31                  12
1378                     37.05                  14
1379                     17.42                  16
1380                     48.29                  16
1381                     32.07                  15
1382                     20.13                  15
1383                     45.22                  15
1384                     27.02                  16
1385                     36.21                  16
1386                     45.92                  16
1387                     17.64                  16
1388                     43.63                  15
1389                     36.00                  14
1390                     17.89                  14
1391                     46.92                  15
1392                     36.22                  15
1393                     17.21                  15
1394                     45.66                  14
1395                     37.76                  14
1396                     17.46                  16
1397                     43.76                  14
1398                     35.93                  14
1399                     18.00                  15
1400                     49.42                  13
1401                     34.31                  13
1402                     16.95                  14
1403                     44.52                  14
1404                     27.03                  14
1405                     17.84                  13
1406                     31.72                  15
1407                     44.54                  15
1408                     17.37                  14
1409                     17.30                  14
1410                     41.23                  14
1411                     31.84                  11
1412                     17.44                  13
1413                     17.38                  14
1414                     46.27                  13
1415                     24.40                  14
1416                     17.69                  13
1417                     34.82                  13
1418                     35.97                  13
1419                     17.68                  13
1420                     17.53                  13
1421                     50.32                  15
1422                     21.88                  16
1423                     17.62                  16
1424                     38.17                  16
1425                     37.24                  14
1426                     17.32                  13
1427                     17.56                  14
1428                     45.00                  14
1429                     26.36                  15
1430                     17.15                  13
1431                     34.00                  15
1432                     34.98                  14
1433                     17.26                  14
1434                     17.29                  14
1435                     42.08                  15
1436                     25.78                  16
1437                     17.18                  14
1438                     32.66                  12
1439                     46.25                  12
1440                     17.27                  11
1441                     38.63                  14
1442                     43.35                  13
1443                     17.44                  13
1444                     38.96                  11
1445                     44.42                  12
1446                     17.46                  13
1447                     40.46                  16
1448                     41.77                  12
1449                     17.41                  13
1450                     40.20                  13
1451                     42.08                  11
1452                     17.60                  13
1453                     40.57                  16
1454                     41.03                  16
1455                     17.18                  18
1456                     39.99                  18
1457                     41.67                  18
1458                     17.62                  19
1459                     39.26                  19
1460                     43.85                  20
1461                     17.68                  21
1462                     40.12                  19
1463                     44.29                  19
1464                     17.68                  18
1465                     40.15                  17
1466                     41.27                  19
1467                     17.02                  20
1468                     36.37                  21
1469                     45.77                  20
1470                     32.91                  19
1471                     47.85                  19
1472                     25.40                  19
1473                     46.19                  19
1474                     36.72                  15
1475                     35.42                  16
1476                     47.98                  16
1477                     36.67                  17
1478                     50.31                  18
1479                     24.65                  17
1480                     47.95                  18
1481                     43.40                  20
1482                     34.38                  21
1483                     44.48                  20
1484                     25.32                  17
1485                     46.80                  19
1486                     35.52                  21
1487                     34.98                  22
1488                     47.65                  20
1489                     32.56                  20
1490                     44.51                  21
1491                     26.86                  17
1492                     45.39                  18
1493                     17.33                  17
1494                     17.13                  16
1495                     17.20                  19
1496                     43.63                  18
1497                     18.17                  21
1498                     19.06                  21
1499                     18.75                  20
1500                     45.80                  22
1501                     18.17                  21
1502                     18.25                  20
1503                     18.39                  20
1504                     46.36                  21
1505                     17.38                  20
1506                     17.23                  20
1507                     18.50                  20
1508                     46.91                  19
1509                     17.92                  21
1510                     17.67                  21
1511                     17.93                  19
1512                     42.18                  23
1513                     17.33                  23
1514                     16.98                  25
1515                     17.62                  24
1516                     43.20                  24
1517                     17.64                  23
1518                     17.94                  23
1519                     17.63                  22
1520                     43.78                  23
1521                     17.26                  22
1522                     17.23                  21
1523                     17.28                  21
1524                     40.09                  19
1525                     17.27                  21
1526                     17.87                  23
1527                     17.52                  24
1528                     45.12                  23
1529                     17.29                  22
1530                     17.93                  22
1531                     17.56                  24
1532                     42.48                  23
1533                     22.64                  23
1534                     18.08                  21
1535                     17.17                  23
1536                     45.41                  20
1537                     18.42                  21
1538                     18.30                  25
1539                     19.88                  22
1540                     43.44                  22
1541                     17.67                  18
1542                     17.59                  17
1543                     29.21                  17
1544                     35.20                  18
1545                     17.06                  20
1546                     16.72                  20
1547                     37.91                  19
1548                     18.21                  21
1549                     18.08                  21
1550                     35.11                  21
1551                     32.41                  18
1552                     17.10                  21
1553                     16.97                  17
1554                     40.06                  18
1555                     28.47                  19
1556                     17.22                  17
1557                     37.62                  17
1558                     29.62                  19
1559                     17.94                  19
1560                     18.35                  17
1561                     46.03                  18
1562                     17.26                  18
1563                     16.74                  19
1564                     46.02                  16
1565                     17.90                  19
1566                     17.75                  17
1567                     37.51                  16
1568                     39.19                  18
1569                     17.24                  20
1570                     39.12                  20
1571                     29.75                  19
1572                     17.76                  21
1573                     38.36                  21
1574                     34.20                  23
1575                     17.32                  24
1576                     41.93                  22
1577                     34.87                  22
1578                     17.83                  19
1579                     29.80                  20
1580                     46.78                  19
1581                     17.35                  22
1582                     17.27                  22
1583                     44.55                  20
1584                     17.37                  16
1585                     17.18                  16
1586                     48.85                  16
1587                     22.30                  16
1588                     17.79                  19
1589                     42.64                  19
1590                     31.85                  19
1591                     17.31                  19
1592                     32.23                  19
1593                     44.04                  21
1594                     17.36                  18
1595                     34.86                  20
1596                     36.28                  22
1597                     17.97                  21
1598                     32.22                  20
1599                     44.50                  20
1600                     17.34                  20
1601                     17.88                  20
1602                     47.37                  18
1603                     24.48                  18
1604                     16.80                  18
1605                     46.67                  18
1606                     24.84                  15
1607                     17.72                  16
1608                     39.95                  18
1609                     34.69                  19
1610                     17.65                  20
1611                     29.24                  18
1612                     46.11                  20
1613                     17.78                  17
1614                     17.58                  17
1615                     47.52                  20
1616                     18.45                  17
1617                     17.80                  20
1618                     47.00                  19
1619                     25.08                  19
1620                     17.05                  21
1621                     43.94                  17
1622                     29.56                  19
1623                     17.47                  17
1624                     34.19                  16
1625                     41.24                  15
1626                     17.67                  14
1627                     41.04                  18
1628                     28.81                  17
1629                     17.51                  18
1630                     34.13                  15
1631                     48.30                  20
1632                     24.91                  24
1633                     47.01                  24
1634                     34.95                  19
1635                     35.01                  21
1636                     48.18                  16
1637                     19.34                  20
1638                     49.34                  16
1639                     35.09                  21
1640                     35.75                  17
1641                     47.36                  20
1642                     30.48                  20
1643                     47.61                  22
1644                     32.47                  20
1645                     37.49                  22
1646                     47.39                  24
1647                     30.51                  21
1648                     48.21                  20
1649                     22.33                  19
1650                     49.19                  19
1651                     42.13                  18
1652                     32.46                  18
1653                     47.49                  16
1654                     29.07                  20
1655                     36.69                  18
1656                     27.16                  18
1657                     17.37                  19
1658                     17.35                  17
1659                     29.46                  17
1660                     35.00                  18
1661                     17.25                  15
1662                     17.09                  23
1663                     16.93                  20
1664                     42.30                  23
1665                     17.21                  21
1666                     16.98                  22
1667                     17.01                  19
1668                     36.71                  23
1669                     27.15                  25
1670                     17.20                  22
1671                     16.99                  26
1672                     17.04                  25
1673                     44.55                  26
1674                     17.72                  25
1675                     17.41                  24
1676                     17.29                  24
1677                     41.35                  26
1678                     17.28                  22
1679                     16.96                  22
1680                     17.36                  22
1681                     41.58                  21
1682                     17.55                  25
1683                     17.26                  25
1684                     17.54                  22
1685                     37.15                  22
1686                     18.11                  21
1687                     16.35                  20
1688                     29.51                  20
1689                     20.91                  21
1690                     18.11                  21
1691                     39.35                  23
1692                     16.79                  19
1693                     16.46                  19
1694                     15.72                  21
1695                     46.87                  19
1696                     20.61                  19
1697                     17.27                  18
1698                     44.41                  20
1699                     26.27                  19
1700                     17.40                  20
1701                     46.44                  19
1702                     22.12                  18
1703                     17.20                  17
1704                     40.55                  19
1705                     31.86                  16
1706                     17.54                  18
1707                     29.25                  19
1708                     32.90                  18
1709                     17.84                  17
1710                     44.11                  20
1711                     23.07                  19
1712                     17.57                  19
1713                     38.12                  21
1714                     37.23                  22
1715                     17.28                  21
1716                     17.59                  21
1717                     50.25                  21
1718                     22.05                  20
1719                     16.92                  20
1720                     43.41                  22
1721                     27.10                  21
1722                     17.33                  18
1723                     34.41                  21
1724                     36.55                  21
1725                     17.54                  22
1726                     17.22                  21
1727                     44.50                  19
1728                     17.52                  20
1729                     42.85                  20
1730                     38.62                  21
1731                     17.20                  19
1732                     42.22                  21
1733                     38.73                  19
1734                     17.60                  19
1735                     41.95                  19
1736                     38.84                  18
1737                     17.40                  18
1738                     39.51                  18
1739                     43.45                  18
1740                     17.75                  19
1741                     43.32                  20
1742                     39.52                  21
1743                     17.27                  21
1744                     41.97                  22
1745                     39.02                  21
1746                     17.60                  24
1747                     42.66                  25
1748                     42.04                  22
1749                     17.43                  24
1750                     42.30                  21
1751                     39.54                  18
1752                     17.40                  19
1753                     41.69                  16
1754                     38.96                  16
1755                     17.41                  17
1756                     40.12                  17
1757                     44.16                  16
1758                     17.89                  18
1759                     45.42                  18
1760                     36.37                  18
1761                     17.17                  18
1762                     44.09                  15
1763                     36.06                  14
1764                     17.84                  16
1765                     49.51                  17
1766                     34.72                  16
1767                     17.56                  17
1768                     49.33                  19
1769                     32.22                  20
1770                     17.06                  22
1771                     45.73                  21
1772                     34.79                  19
1773                     17.84                  21
1774                     47.62                  19
1775                     34.24                  20
1776                     17.31                  17
1777                     45.49                  18
1778                     36.90                  17
1779                     17.59                  17
1780                     48.50                  17
1781                     32.12                  16
1782                     20.16                  17
1783                     47.59                  17
1784                     24.76                  16
1785                     34.08                  18
1786                     44.42                  19
1787                     24.87                  18
1788                     45.45                  17
1789                     39.12                  15
1790                     33.31                  17
1791                     47.57                  17
1792                     26.76                  16
1793                     45.68                  16
1794                     44.78                  15
1795                     33.22                  15
1796                     47.25                  15
1797                     26.83                  15
1798                     45.87                  16
1799                     45.36                  16
