Frame        Inference_Time_ms    Objects_Detected
0                       171.97                  14
1                        29.81                  12
2                        28.31                  12
3                        28.17                  13
4                        28.09                  15
5                        28.10                  15
6                        28.26                  11
7                        28.30                  13
8                        16.87                  13
9                        16.24                  14
10                       16.55                  14
11                       15.97                  14
12                       16.07                  15
13                       16.65                  15
14                       16.65                  14
15                       15.98                  16
16                       15.80                  16
17                       16.45                  16
18                       15.58                  16
19                       15.78                  17
20                       14.64                  14
21                       14.13                  18
22                       14.05                  14
23                       14.40                  15
24                       14.27                  16
25                       14.14                  16
26                       14.07                  14
27                       14.03                  14
28                       13.99                  14
29                       13.96                  17
30                       13.97                  13
31                       13.98                  14
32                       13.96                  14
33                       13.99                  15
34                       13.99                  16
35                       14.24                  15
36                       14.20                  16
37                       14.25                  14
38                       14.18                  15
39                       14.12                  15
40                       14.04                  16
41                       14.07                  14
42                       13.97                  13
43                       13.99                  14
44                       14.03                  14
45                       13.96                  15
46                       14.29                  14
47                       14.23                  13
48                       14.07                  14
49                       14.06                  12
50                       14.08                  14
51                       14.04                  14
52                       13.99                  13
53                       13.99                  15
54                       13.97                  16
55                       13.97                  15
56                       14.13                  15
57                       13.95                  13
58                       14.04                  16
59                       14.01                  16
60                       13.96                  16
61                       14.00                  15
62                       13.95                  16
63                       14.02                  18
64                       13.96                  15
65                       13.98                  16
66                       13.97                  14
67                       14.00                  13
68                       13.97                  14
69                       14.01                  14
70                       14.00                  10
71                       14.08                  10
72                       13.98                  11
73                       14.12                  14
74                       14.11                  14
75                       14.55                  15
76                       14.54                  13
77                       14.60                  15
78                       14.54                  16
79                       14.58                  18
80                       14.68                  14
81                       14.79                  16
82                       14.75                  16
83                       14.59                  18
84                       14.58                  17
85                       14.59                  17
86                       14.86                  15
87                       14.84                  15
88                       14.85                  14
89                       14.70                  18
90                       14.67                  16
91                       14.97                  15
92                       14.67                  16
93                       14.68                  16
94                       14.74                  15
95                       14.66                  17
96                       14.65                  15
97                       14.70                  15
98                       15.04                  15
99                       15.05                  17
100                      15.07                  15
101                      14.92                  16
102                      15.79                  15
103                      15.21                  15
104                      15.66                  16
105                      15.11                  16
106                      16.56                  19
107                      32.66                  21
108                      15.79                  19
109                      15.07                  18
110                      30.17                  16
111                      21.15                  17
112                      14.72                  18
113                      38.77                  13
114                      14.94                  12
115                      14.90                  15
116                      28.01                  14
117                      25.27                  15
118                      15.20                  18
119                      14.68                  19
120                      19.05                  17
121                      15.42                  17
122                      14.95                  16
123                      36.88                  15
124                      15.35                  15
125                      14.55                  15
126                      26.65                  12
127                      15.21                  14
128                      15.71                  15
129                      32.42                  14
130                      15.15                  13
131                      14.63                  15
132                      29.94                  13
133                      14.58                  15
134                      14.46                  15
135                      36.45                  16
136                      15.14                  13
137                      14.67                  14
138                      36.70                  13
139                      29.43                  14
140                      37.30                  14
141                      29.51                  17
142                      15.55                  15
143                      15.66                  12
144                      37.76                  13
145                      32.48                  16
146                      15.38                  13
147                      15.21                  12
148                      35.60                  12
149                      34.83                  14
150                      15.29                  12
151                      15.21                  14
152                      35.29                  14
153                      34.77                  17
154                      15.43                  14
155                      15.40                  16
156                      34.99                  14
157                      34.72                  12
158                      15.42                  13
159                      15.38                  13
160                      35.81                  14
161                      35.14                  14
162                      15.18                  14
163                      26.01                  14
164                      39.26                  15
165                      15.50                  14
166                      15.32                  11
167                      39.90                  13
168                      15.48                  14
169                      15.35                  14
170                      37.31                  15
171                      24.57                  13
172                      15.15                  15
173                      33.18                  15
174                      26.34                  14
175                      14.74                  16
176                      14.41                  13
177                      31.01                  14
178                      15.76                  13
179                      14.77                  15
180                      38.82                  14
181                      15.46                  15
182                      14.81                  15
183                      28.54                  15
184                      16.34                  14
185                      15.99                  15
186                      32.18                  14
187                      22.36                  17
188                      15.27                  16
189                      35.99                  15
190                      24.65                  17
191                      15.45                  17
192                      30.62                  17
193                      15.75                  17
194                      15.77                  17
195                      15.75                  16
196                      39.32                  14
197                      15.62                  14
198                      14.98                  18
199                      29.77                  17
200                      15.07                  14
201                      14.65                  13
202                      38.51                  11
203                      21.96                  11
204                      15.77                  14
205                      38.46                  13
206                      24.72                  12
207                      15.93                  14
208                      22.47                  14
209                      35.75                  12
210                      15.89                  13
211                      15.62                  12
212                      39.26                  12
213                      15.66                  11
214                      15.87                  11
215                      38.79                  13
216                      15.74                  13
217                      15.65                  12
218                      38.76                  12
219                      27.68                  13
220                      15.96                  14
221                      28.88                  16
222                      26.79                  16
223                      15.63                  17
224                      42.82                  17
225                      21.69                  13
226                      15.11                  13
227                      26.56                  13
228                      34.85                  13
229                      15.77                  13
230                      15.43                  13
231                      37.83                  14
232                      15.22                  13
233                      14.72                  14
234                      28.50                  14
235                      15.72                  13
236                      15.02                  17
237                      21.63                  15
238                      15.58                  14
239                      14.77                  12
240                      36.95                  13
241                      15.36                  15
242                      14.71                  14
243                      36.73                  13
244                      15.31                  14
245                      14.71                  13
246                      38.47                  13
247                      15.30                  13
248                      14.98                  14
249                      38.73                  12
250                      14.68                  14
251                      14.64                  13
252                      38.01                  13
253                      15.13                  13
254                      14.91                  14
255                      14.39                  18
256                      19.27                  17
257                      15.86                  18
258                      28.58                  19
259                      27.55                  20
260                      14.73                  20
261                      14.55                  20
262                      39.82                  18
263                      15.56                  20
264                      14.83                  22
265                      16.80                  17
266                      14.82                  18
267                      14.24                  20
268                      27.63                  19
269                      14.80                  21
270                      14.44                  19
271                      27.97                  18
272                      14.76                  18
273                      14.75                  19
274                      14.59                  18
275                      27.67                  17
276                      14.53                  18
277                      14.11                  16
278                      17.04                  15
279                      14.36                  17
280                      14.21                  18
281                      19.62                  17
282                      15.03                  20
283                      14.63                  20
284                      21.09                  20
285                      15.02                  20
286                      14.45                  22
287                      28.81                  21
288                      14.57                  20
289                      14.23                  21
290                      14.21                  22
291                      15.05                  21
292                      14.39                  17
293                      28.09                  17
294                      14.73                  20
295                      14.89                  15
296                      14.28                  18
297                      27.57                  17
298                      15.13                  23
299                      14.55                  21
300                      25.78                  21
301                      15.37                  21
302                      14.90                  21
303                      33.68                  20
304                      14.87                  23
305                      14.50                  22
306                      35.15                  20
307                      15.51                  20
308                      30.13                  19
309                      20.79                  21
310                      15.12                  20
311                      15.09                  19
312                      21.17                  20
313                      28.02                  22
314                      15.52                  21
315                      14.51                  22
316                      21.12                  23
317                      15.34                  24
318                      14.99                  23
319                      36.19                  24
320                      15.07                  22
321                      14.43                  21
322                      27.34                  22
323                      15.39                  22
324                      15.19                  21
325                      33.47                  21
326                      15.64                  21
327                      15.26                  21
328                      38.55                  22
329                      15.08                  22
330                      15.07                  23
331                      28.27                  25
332                      23.94                  24
333                      15.41                  22
334                      37.69                  22
335                      14.96                  23
336                      14.66                  20
337                      31.82                  24
338                      24.41                  22
339                      15.45                  20
340                      14.61                  23
341                      30.35                  18
342                      15.51                  21
343                      14.64                  19
344                      31.16                  14
345                      15.05                  17
346                      14.53                  19
347                      34.70                  21
348                      15.05                  21
349                      14.48                  20
350                      30.38                  21
351                      21.25                  18
352                      14.74                  18
353                      37.50                  18
354                      15.20                  19
355                      14.98                  18
356                      14.56                  18
357                      26.37                  16
358                      15.04                  17
359                      14.94                  19
360                      36.85                  17
361                      15.45                  16
362                      15.11                  17
363                      38.90                  18
364                      15.48                  17
365                      15.56                  16
366                      37.40                  17
367                      15.01                  17
368                      15.56                  16
369                      15.33                  20
370                      27.71                  20
371                      15.32                  19
372                      29.78                  22
373                      23.67                  24
374                      15.35                  24
375                      15.12                  23
376                      28.07                  21
377                      15.27                  20
378                      14.63                  22
379                      26.81                  19
380                      15.70                  20
381                      15.19                  20
382                      34.62                  17
383                      15.01                  19
384                      15.05                  19
385                      38.95                  20
386                      15.72                  19
387                      15.45                  19
388                      39.00                  17
389                      16.05                  20
390                      15.99                  20
391                      34.27                  19
392                      28.20                  20
393                      15.95                  20
394                      26.70                  19
395                      29.51                  19
396                      16.15                  23
397                      28.95                  20
398                      33.91                  19
399                      34.59                  19
400                      30.02                  20
401                      15.92                  20
402                      15.68                  20
403                      30.40                  16
404                      30.47                  19
405                      15.64                  18
406                      38.83                  16
407                      15.99                  19
408                      15.68                  18
409                      29.39                  17
410                      39.08                  15
411                      15.74                  20
412                      15.86                  16
413                      29.94                  21
414                      39.18                  20
415                      15.85                  19
416                      15.99                  20
417                      29.73                  16
418                      33.30                  19
419                      15.87                  19
420                      16.07                  19
421                      30.27                  17
422                      15.74                  20
423                      15.89                  21
424                      15.61                  19
425                      14.89                  15
426                      15.04                  17
427                      14.98                  18
428                      14.91                  18
429                      23.96                  21
430                      15.52                  16
431                      15.14                  21
432                      33.01                  20
433                      15.19                  20
434                      15.14                  22
435                      26.28                  19
436                      15.54                  19
437                      14.96                  19
438                      35.20                  18
439                      15.45                  15
440                      15.33                  18
441                      14.78                  17
442                      22.63                  20
443                      15.81                  21
444                      14.99                  23
445                      27.86                  20
446                      15.29                  20
447                      14.70                  21
448                      28.53                  18
449                      15.29                  20
450                      14.74                  19
451                      35.27                  19
452                      15.54                  16
453                      15.18                  17
454                      34.99                  17
455                      20.25                  20
456                      16.05                  17
457                      32.64                  19
458                      29.03                  18
459                      15.08                  19
460                      40.24                  19
461                      19.51                  20
462                      15.79                  19
463                      15.31                  24
464                      37.01                  23
465                      16.12                  24
466                      15.81                  22
467                      40.39                  25
468                      15.89                  21
469                      26.15                  26
470                      27.13                  22
471                      16.00                  23
472                      15.36                  22
473                      33.99                  25
474                      15.97                  23
475                      15.83                  23
476                      37.98                  26
477                      15.82                  21
478                      15.98                  24
479                      39.64                  23
480                      21.47                  24
481                      16.03                  21
482                      32.15                  21
483                      26.93                  26
484                      16.09                  21
485                      31.50                  24
486                      28.97                  20
487                      15.84                  24
488                      30.65                  19
489                      27.44                  20
490                      15.80                  21
491                      15.55                  23
492                      37.89                  21
493                      15.94                  22
494                      15.70                  21
495                      31.88                  17
496                      23.13                  19
497                      15.95                  19
498                      36.24                  19
499                      16.19                  19
500                      14.96                  20
501                      36.31                  20
502                      24.93                  20
503                      15.89                  17
504                      27.03                  18
505                      34.39                  19
506                      15.36                  18
507                      21.17                  18
508                      39.35                  17
509                      15.56                  18
510                      15.36                  17
511                      39.34                  22
512                      15.25                  20
513                      15.44                  20
514                      35.88                  21
515                      22.14                  21
516                      14.94                  21
517                      26.03                  23
518                      14.61                  21
519                      14.51                  19
520                      28.76                  23
521                      14.71                  19
522                      14.22                  19
523                      30.13                  22
524                      15.14                  20
525                      14.79                  20
526                      14.33                  21
527                      15.14                  18
528                      14.52                  19
529                      32.43                  19
530                      14.84                  19
531                      15.10                  20
532                      14.36                  21
533                      15.13                  20
534                      15.52                  19
535                      14.39                  20
536                      27.22                  20
537                      14.65                  19
538                      14.21                  19
539                      14.34                  18
540                      14.38                  17
541                      14.12                  17
542                      19.61                  18
543                      15.14                  22
544                      14.96                  19
545                      28.38                  20
546                      15.15                  18
547                      14.52                  21
548                      32.04                  21
549                      27.49                  22
550                      15.47                  25
551                      28.78                  17
552                      29.31                  17
553                      15.60                  18
554                      15.94                  16
555                      36.42                  16
556                      14.82                  18
557                      14.46                  18
558                      29.19                  17
559                      20.75                  18
560                      15.30                  17
561                      41.80                  16
562                      16.79                  16
563                      16.14                  16
564                      15.93                  15
565                      34.92                  15
566                      15.34                  16
567                      35.17                  16
568                      24.66                  17
569                      15.32                  18
570                      14.57                  18
571                      32.12                  20
572                      15.50                  19
573                      14.62                  19
574                      37.14                  17
575                      15.42                  18
576                      14.66                  19
577                      38.18                  17
578                      15.28                  18
579                      15.02                  17
580                      36.96                  17
581                      29.59                  17
582                      15.70                  15
583                      15.27                  15
584                      35.20                  17
585                      15.56                  19
586                      15.22                  18
587                      37.10                  17
588                      15.54                  16
589                      15.46                  15
590                      38.88                  16
591                      17.77                  15
592                      15.98                  16
593                      31.05                  16
594                      29.41                  17
595                      14.76                  17
596                      28.63                  17
597                      32.13                  16
598                      15.52                  16
599                      31.33                  16
600                      16.71                  15
601                      16.68                  17
602                      29.84                  17
603                      32.85                  16
604                      15.62                  16
605                      15.18                  17
606                      37.36                  16
607                      21.52                  15
608                      14.77                  16
609                      37.93                  15
610                      25.15                  16
611                      14.68                  17
612                      33.05                  17
613                      15.47                  18
614                      15.41                  18
615                      32.40                  16
616                      15.39                  17
617                      15.01                  17
618                      32.20                  18
619                      14.84                  18
620                      15.50                  18
621                      14.36                  19
622                      24.71                  19
623                      14.57                  18
624                      14.26                  21
625                      26.07                  19
626                      15.45                  20
627                      15.57                  21
628                      29.60                  21
629                      14.96                  20
630                      14.64                  19
631                      28.53                  19
632                      14.59                  17
633                      15.00                  18
634                      14.19                  17
635                      19.75                  14
636                      15.19                  15
637                      32.09                  16
638                      14.82                  17
639                      14.74                  16
640                      14.45                  18
641                      22.60                  17
642                      14.88                  16
643                      14.39                  18
644                      14.21                  18
645                      15.11                  18
646                      14.31                  16
647                      26.25                  18
648                      14.45                  18
649                      14.20                  18
650                      14.07                  21
651                      14.63                  22
652                      14.26                  21
653                      14.31                  21
654                      24.59                  21
655                      14.63                  20
656                      27.75                  18
657                      14.73                  17
658                      14.81                  18
659                      27.29                  19
660                      14.95                  19
661                      15.14                  19
662                      14.37                  22
663                      20.01                  20
664                      15.36                  21
665                      14.95                  19
666                      14.34                  20
667                      14.57                  20
668                      14.24                  21
669                      27.68                  21
670                      14.96                  20
671                      14.37                  20
672                      27.95                  19
673                      14.97                  20
674                      15.75                  21
675                      14.51                  21
676                      40.40                  20
677                      15.93                  18
678                      28.95                  19
679                      39.52                  22
680                      15.76                  22
681                      15.42                  22
682                      39.45                  22
683                      21.53                  21
684                      15.71                  21
685                      37.64                  22
686                      24.88                  21
687                      15.89                  20
688                      15.44                  19
689                      32.64                  21
690                      15.70                  19
691                      15.30                  19
692                      40.09                  17
693                      17.01                  19
694                      15.72                  19
695                      38.34                  19
696                      20.49                  18
697                      15.88                  19
698                      39.05                  18
699                      15.39                  19
700                      15.30                  20
701                      39.14                  21
702                      25.54                  21
703                      15.51                  20
704                      41.01                  20
705                      28.23                  22
706                      15.70                  19
707                      15.59                  23
708                      29.01                  24
709                      15.35                  23
710                      14.91                  22
711                      27.84                  22
712                      28.11                  23
713                      15.56                  22
714                      32.88                  25
715                      26.54                  24
716                      15.74                  23
717                      15.56                  22
718                      37.89                  19
719                      15.09                  22
720                      14.94                  22
721                      36.97                  23
722                      15.33                  24
723                      14.92                  25
724                      38.71                  23
725                      15.80                  26
726                      15.36                  22
727                      36.85                  25
728                      15.15                  24
729                      14.83                  23
730                      31.24                  26
731                      17.12                  24
732                      15.35                  18
733                      37.90                  18
734                      15.50                  21
735                      15.89                  24
736                      26.69                  21
737                      30.96                  18
738                      15.12                  21
739                      30.63                  19
740                      20.90                  19
741                      15.48                  20
742                      15.02                  19
743                      29.27                  20
744                      15.17                  19
745                      27.61                  16
746                      28.85                  19
747                      15.91                  17
748                      14.77                  19
749                      32.47                  24
750                      15.05                  23
751                      14.62                  22
752                      41.88                  21
753                      15.23                  20
754                      15.24                  22
755                      38.40                  20
756                      15.23                  20
757                      15.42                  20
758                      15.10                  15
759                      28.48                  19
760                      15.89                  17
761                      14.82                  18
762                      28.54                  17
763                      15.40                  20
764                      14.87                  20
765                      31.76                  21
766                      15.31                  23
767                      14.68                  22
768                      36.09                  21
769                      15.22                  17
770                      14.96                  20
771                      34.94                  17
772                      14.98                  19
773                      15.10                  16
774                      35.51                  18
775                      14.79                  15
776                      14.45                  19
777                      14.31                  19
778                      23.79                  19
779                      14.83                  21
780                      14.27                  20
781                      25.44                  18
782                      15.17                  18
783                      14.47                  17
784                      27.76                  20
785                      14.91                  19
786                      14.35                  17
787                      23.33                  19
788                      15.11                  19
789                      14.96                  19
790                      34.36                  20
791                      14.68                  19
792                      15.97                  16
793                      34.91                  17
794                      15.03                  17
795                      14.78                  17
796                      21.60                  19
797                      14.68                  17
798                      14.59                  18
799                      30.73                  15
800                      14.71                  18
801                      14.38                  18
802                      34.94                  18
803                      24.64                  21
804                      15.93                  19
805                      15.45                  20
806                      39.33                  20
807                      15.56                  18
808                      15.60                  19
809                      36.86                  18
810                      15.92                  19
811                      15.96                  20
812                      38.86                  17
813                      19.36                  16
814                      15.52                  19
815                      26.84                  17
816                      23.54                  21
817                      15.73                  22
818                      31.85                  22
819                      28.28                  21
820                      15.55                  20
821                      35.95                  22
822                      21.68                  26
823                      15.33                  23
824                      19.14                  23
825                      33.03                  24
826                      15.80                  24
827                      15.59                  23
828                      38.28                  21
829                      15.58                  21
830                      15.06                  22
831                      39.52                  22
832                      18.18                  20
833                      16.19                  19
834                      35.01                  16
835                      15.54                  19
836                      15.26                  20
837                      33.94                  21
838                      15.57                  19
839                      15.20                  19
840                      36.05                  18
841                      16.53                  18
842                      14.97                  18
843                      38.22                  17
844                      15.58                  17
845                      15.92                  19
846                      15.59                  20
847                      22.65                  18
848                      15.06                  19
849                      32.45                  23
850                      27.29                  21
851                      15.95                  20
852                      14.85                  19
853                      26.06                  17
854                      15.89                  17
855                      14.74                  16
856                      35.36                  17
857                      15.67                  19
858                      15.31                  21
859                      34.69                  23
860                      15.37                  23
861                      15.33                  22
862                      33.67                  22
863                      27.22                  22
864                      15.14                  22
865                      29.70                  22
866                      20.93                  23
867                      15.05                  21
868                      14.38                  22
869                      25.33                  20
870                      15.60                  20
871                      14.86                  21
872                      30.33                  19
873                      14.77                  22
874                      14.30                  22
875                      33.27                  20
876                      14.83                  22
877                      14.38                  24
878                      34.92                  21
879                      14.80                  23
880                      14.50                  23
881                      14.66                  24
882                      29.35                  22
883                      14.66                  23
884                      30.25                  23
885                      20.96                  21
886                      15.81                  20
887                      14.86                  21
888                      35.64                  19
889                      14.64                  21
890                      14.35                  21
891                      26.32                  21
892                      15.20                  20
893                      15.45                  21
894                      28.68                  21
895                      14.49                  22
896                      14.19                  20
897                      14.19                  21
898                      34.67                  20
899                      15.68                  18
900                      33.65                  21
901                      27.21                  22
902                      15.55                  20
903                      15.42                  19
904                      36.79                  18
905                      15.45                  19
906                      15.14                  20
907                      39.70                  19
908                      18.61                  22
909                      16.18                  20
910                      38.18                  21
911                      14.74                  22
912                      14.61                  22
913                      40.14                  22
914                      15.58                  23
915                      15.57                  22
916                      38.49                  22
917                      16.50                  23
918                      15.94                  20
919                      38.61                  18
920                      17.25                  16
921                      15.76                  16
922                      39.41                  16
923                      15.45                  17
924                      15.34                  17
925                      15.44                  18
926                      30.36                  20
927                      15.90                  19
928                      33.62                  19
929                      18.16                  21
930                      15.46                  23
931                      14.82                  21
932                      25.85                  20
933                      14.75                  22
934                      14.53                  20
935                      29.58                  21
936                      15.34                  19
937                      15.11                  17
938                      36.69                  21
939                      14.93                  19
940                      14.61                  20
941                      35.73                  17
942                      15.75                  19
943                      14.85                  17
944                      35.57                  15
945                      15.44                  13
946                      15.58                  13
947                      28.62                  12
948                      15.41                  12
949                      14.88                  12
950                      38.02                  16
951                      15.34                  16
952                      15.94                  13
953                      28.31                  13
954                      15.93                  11
955                      16.18                  13
956                      15.66                  12
957                      22.81                  13
958                      15.80                  11
959                      28.90                  11
960                      23.13                  13
961                      15.59                  12
962                      15.54                  13
963                      37.42                  14
964                      15.75                  12
965                      15.39                  13
966                      39.25                  15
967                      15.76                  14
968                      15.71                  13
969                      37.82                  12
970                      15.81                  13
971                      15.43                  13
972                      30.74                  14
973                      21.75                  12
974                      15.93                  14
975                      37.44                  15
976                      21.62                  15
977                      15.42                  15
978                      40.40                  13
979                      16.77                  14
980                      16.10                  12
981                      15.93                  12
982                      18.97                  12
983                      15.41                  13
984                      38.02                  14
985                      21.39                  13
986                      15.60                  13
987                      15.56                  14
988                      38.85                  14
989                      15.92                  13
990                      37.28                  12
991                      15.05                  13
992                      15.14                  13
993                      28.20                  13
994                      21.25                  13
995                      15.94                  14
996                      16.16                  14
997                      30.01                  12
998                      15.66                  13
999                      15.21                  14
1000                     17.94                  17
1001                     15.50                  15
1002                     15.54                  15
1003                     31.25                  15
1004                     15.59                  16
1005                     15.28                  16
1006                     25.96                  14
1007                     15.79                  14
1008                     15.26                  15
1009                     36.64                  14
1010                     15.27                  16
1011                     14.83                  17
1012                     28.77                  16
1013                     22.16                  17
1014                     15.45                  16
1015                     28.81                  15
1016                     21.37                  15
1017                     16.40                  16
1018                     15.44                  15
1019                     27.77                  14
1020                     15.04                  14
1021                     34.53                  13
1022                     15.03                  14
1023                     15.93                  13
1024                     15.56                  12
1025                     24.10                  14
1026                     15.06                  14
1027                     14.26                  15
1028                     33.47                  16
1029                     14.82                  16
1030                     14.92                  16
1031                     28.75                  13
1032                     15.15                  13
1033                     14.81                  13
1034                     34.75                  13
1035                     15.11                  13
1036                     14.92                  15
1037                     30.34                  14
1038                     15.03                  16
1039                     14.99                  14
1040                     14.45                  16
1041                     20.59                  14
1042                     14.63                  13
1043                     30.11                  16
1044                     14.84                  14
1045                     14.80                  15
1046                     14.71                  14
1047                     19.21                  14
1048                     14.90                  14
1049                     25.48                  13
1050                     18.07                  11
1051                     14.46                  13
1052                     14.34                  10
1053                     38.46                  14
1054                     14.98                  13
1055                     14.80                  12
1056                     40.48                  13
1057                     15.08                  17
1058                     18.87                  15
1059                     25.32                  16
1060                     15.94                  16
1061                     15.04                  16
1062                     32.14                  14
1063                     15.16                  14
1064                     14.89                  14
1065                     40.41                  17
1066                     15.05                  15
1067                     14.47                  14
1068                     37.10                  14
1069                     15.70                  11
1070                     15.44                  14
1071                     30.00                  13
1072                     21.56                  12
1073                     14.62                  13
1074                     35.29                  14
1075                     15.71                  12
1076                     16.17                  15
1077                     29.71                  18
1078                     19.96                  17
1079                     14.99                  15
1080                     36.17                  16
1081                     15.21                  18
1082                     15.14                  14
1083                     36.03                  12
1084                     15.53                  11
1085                     15.12                  13
1086                     34.60                  11
1087                     16.40                  17
1088                     15.13                  17
1089                     39.91                  17
1090                     15.15                  19
1091                     16.02                  19
1092                     15.74                  17
1093                     36.33                  19
1094                     14.59                  20
1095                     14.35                  21
1096                     31.91                  18
1097                     15.11                  16
1098                     14.43                  18
1099                     40.18                  16
1100                     15.47                  17
1101                     15.09                  17
1102                     35.10                  15
1103                     15.33                  16
1104                     16.12                  17
1105                     29.25                  16
1106                     21.46                  17
1107                     15.44                  16
1108                     14.63                  17
1109                     28.09                  17
1110                     15.08                  17
1111                     14.82                  16
1112                     31.29                  16
1113                     15.90                  21
1114                     15.35                  17
1115                     35.62                  17
1116                     15.11                  16
1117                     14.62                  17
1118                     38.80                  17
1119                     15.30                  14
1120                     14.68                  13
1121                     38.07                  16
1122                     15.41                  14
1123                     14.83                  13
1124                     34.40                  13
1125                     19.18                  14
1126                     15.72                  15
1127                     36.77                  14
1128                     15.06                  15
1129                     15.56                  12
1130                     15.54                  15
1131                     35.31                  14
1132                     14.79                  14
1133                     36.57                  13
1134                     15.25                  15
1135                     15.41                  17
1136                     31.71                  15
1137                     21.02                  13
1138                     15.48                  16
1139                     28.70                  16
1140                     29.51                  17
1141                     15.44                  18
1142                     14.58                  15
1143                     38.07                  15
1144                     15.88                  17
1145                     15.18                  17
1146                     35.92                  17
1147                     15.30                  17
1148                     15.53                  15
1149                     37.43                  20
1150                     15.58                  14
1151                     15.89                  14
1152                     31.97                  17
1153                     15.84                  15
1154                     15.95                  15
1155                     31.74                  13
1156                     15.18                  13
1157                     14.74                  14
1158                     41.92                  15
1159                     15.21                  16
1160                     15.35                  17
1161                     31.09                  18
1162                     20.00                  14
1163                     15.95                  14
1164                     15.01                  12
1165                     22.24                  13
1166                     15.76                  14
1167                     14.77                  16
1168                     40.00                  16
1169                     15.48                  14
1170                     27.54                  14
1171                     29.39                  15
1172                     15.63                  16
1173                     14.67                  15
1174                     29.11                  18
1175                     21.83                  18
1176                     15.37                  20
1177                     27.84                  16
1178                     24.76                  18
1179                     15.73                  19
1180                     15.00                  17
1181                     36.95                  17
1182                     15.32                  17
1183                     14.87                  18
1184                     35.37                  15
1185                     15.36                  17
1186                     21.16                  15
1187                     36.91                  16
1188                     15.54                  15
1189                     15.42                  16
1190                     33.89                  15
1191                     26.93                  13
1192                     15.42                  12
1193                     26.58                  13
1194                     33.05                  11
1195                     15.73                  12
1196                     14.96                  12
1197                     38.76                  13
1198                     15.88                  12
1199                     15.90                  14
1200                     32.44                  14
1201                     29.81                  12
1202                     15.46                  13
1203                     39.67                  11
1204                     16.24                  11
1205                     15.39                  11
1206                     31.43                  12
1207                     29.75                  14
1208                     15.86                  12
1209                     14.70                  14
1210                     36.16                  14
1211                     15.57                  15
1212                     15.48                  16
1213                     34.28                  14
1214                     15.41                  15
1215                     14.71                  16
1216                     39.08                  16
1217                     15.80                  16
1218                     15.46                  16
1219                     30.60                  15
1220                     16.02                  17
1221                     15.55                  19
1222                     29.98                  16
1223                     33.21                  16
1224                     14.89                  16
1225                     27.26                  17
1226                     29.87                  14
1227                     15.74                  16
1228                     14.69                  14
1229                     37.38                  14
1230                     15.51                  13
1231                     14.99                  13
1232                     31.33                  14
1233                     15.46                  14
1234                     14.64                  15
1235                     33.78                  15
1236                     15.43                  14
1237                     15.19                  15
1238                     37.27                  17
1239                     22.14                  18
1240                     15.52                  16
1241                     37.28                  13
1242                     15.19                  15
1243                     14.85                  13
1244                     28.67                  13
1245                     15.50                  16
1246                     15.40                  15
1247                     35.24                  14
1248                     24.94                  13
1249                     15.56                  13
1250                     38.20                  15
1251                     14.99                  14
1252                     15.00                  15
1253                     15.29                  15
1254                     27.58                  15
1255                     15.16                  14
1256                     14.69                  13
1257                     32.89                  13
1258                     15.18                  18
1259                     14.71                  15
1260                     26.74                  16
1261                     15.90                  15
1262                     16.18                  15
1263                     29.08                  13
1264                     22.19                  15
1265                     15.01                  13
1266                     35.78                  12
1267                     15.57                  12
1268                     15.77                  15
1269                     34.34                  15
1270                     15.35                  13
1271                     15.91                  12
1272                     34.06                  12
1273                     18.49                  14
1274                     15.84                  14
1275                     15.85                  14
1276                     30.78                  14
1277                     15.49                  15
1278                     14.95                  15
1279                     24.33                  13
1280                     15.68                  15
1281                     15.68                  13
1282                     33.73                  17
1283                     18.87                  14
1284                     15.76                  16
1285                     14.44                  14
1286                     28.66                  14
1287                     14.89                  15
1288                     14.83                  17
1289                     33.63                  17
1290                     15.44                  15
1291                     14.71                  16
1292                     29.22                  15
1293                     15.39                  15
1294                     14.89                  13
1295                     26.03                  13
1296                     21.00                  15
1297                     15.30                  15
1298                     14.36                  13
1299                     25.23                  16
1300                     16.13                  15
1301                     15.17                  17
1302                     28.75                  18
1303                     15.00                  19
1304                     14.69                  19
1305                     39.46                  17
1306                     16.21                  19
1307                     15.91                  17
1308                     30.04                  16
1309                     33.16                  17
1310                     16.48                  15
1311                     16.38                  15
1312                     37.35                  16
1313                     15.94                  14
1314                     29.68                  14
1315                     30.94                  17
1316                     16.33                  15
1317                     27.05                  16
1318                     39.49                  17
1319                     16.07                  17
1320                     15.84                  15
1321                     39.39                  15
1322                     16.50                  14
1323                     15.87                  13
1324                     33.95                  13
1325                     34.31                  13
1326                     16.21                  12
1327                     17.38                  13
1328                     28.81                  14
1329                     16.35                  15
1330                     37.35                  12
1331                     26.58                  15
1332                     40.45                  15
1333                     16.50                  17
1334                     15.47                  17
1335                     30.60                  17
1336                     16.71                  15
1337                     15.89                  15
1338                     15.70                  15
1339                     15.26                  16
1340                     27.38                  12
1341                     14.31                  14
1342                     14.06                  16
1343                     24.17                  16
1344                     15.87                  17
1345                     14.89                  13
1346                     26.55                  15
1347                     15.44                  16
1348                     14.70                  14
1349                     25.81                  14
1350                     15.43                  13
1351                     15.12                  12
1352                     28.25                  15
1353                     14.94                  12
1354                     14.46                  13
1355                     34.29                  14
1356                     15.10                  16
1357                     15.53                  12
1358                     14.78                  14
1359                     20.51                  14
1360                     15.49                  15
1361                     14.64                  13
1362                     19.62                  15
1363                     14.99                  15
1364                     14.35                  14
1365                     21.12                  12
1366                     15.29                  13
1367                     14.45                  12
1368                     34.07                  12
1369                     14.85                  15
1370                     14.57                  16
1371                     39.79                  14
1372                     15.44                  13
1373                     15.64                  11
1374                     38.52                  11
1375                     15.48                  15
1376                     15.14                  12
1377                     29.49                  13
1378                     28.51                  13
1379                     16.12                  14
1380                     14.91                  16
1381                     26.62                  16
1382                     15.74                  15
1383                     15.68                  15
1384                     35.07                  15
1385                     16.01                  16
1386                     15.63                  16
1387                     38.88                  16
1388                     15.65                  17
1389                     15.34                  15
1390                     15.35                  14
1391                     25.59                  14
1392                     15.26                  15
1393                     14.83                  17
1394                     28.02                  15
1395                     16.27                  14
1396                     15.80                  14
1397                     26.30                  16
1398                     16.22                  14
1399                     16.10                  16
1400                     40.64                  15
1401                     20.42                  13
1402                     16.79                  13
1403                     34.69                  14
1404                     30.25                  14
1405                     15.90                  14
1406                     17.43                  13
1407                     39.72                  15
1408                     16.28                  13
1409                     15.72                  14
1410                     39.47                  14
1411                     15.97                  13
1412                     15.97                  11
1413                     38.26                  13
1414                     25.40                  14
1415                     15.36                  13
1416                     34.04                  14
1417                     30.12                  13
1418                     16.35                  13
1419                     27.23                  13
1420                     34.92                  14
1421                     16.34                  14
1422                     29.91                  15
1423                     30.18                  16
1424                     16.40                  16
1425                     27.21                  16
1426                     35.98                  14
1427                     16.42                  13
1428                     16.39                  13
1429                     38.79                  15
1430                     19.34                  15
1431                     17.27                  13
1432                     31.25                  16
1433                     28.83                  14
1434                     16.06                  14
1435                     25.99                  14
1436                     31.89                  15
1437                     16.00                  16
1438                     15.07                  14
1439                     29.71                  12
1440                     16.10                  12
1441                     23.96                  12
1442                     34.44                  14
1443                     16.80                  13
1444                     16.63                  13
1445                     35.63                  11
1446                     16.12                  12
1447                     15.84                  13
1448                     30.61                  16
1449                     16.58                  12
1450                     16.14                  13
1451                     38.48                  13
1452                     15.97                  11
1453                     16.40                  13
1454                     32.64                  16
1455                     25.85                  17
1456                     16.32                  17
1457                     29.19                  18
1458                     32.37                  18
1459                     16.20                  19
1460                     15.16                  19
1461                     37.33                  20
1462                     15.87                  21
1463                     15.81                  20
1464                     39.01                  19
1465                     22.42                  18
1466                     15.77                  17
1467                     39.83                  19
1468                     19.99                  20
1469                     16.82                  19
1470                     32.51                  20
1471                     25.44                  19
1472                     15.83                  19
1473                     15.42                  19
1474                     33.08                  17
1475                     15.36                  15
1476                     31.69                  16
1477                     30.17                  17
1478                     16.02                  17
1479                     28.54                  18
1480                     36.45                  17
1481                     16.34                  19
1482                     15.87                  20
1483                     39.20                  21
1484                     16.23                  20
1485                     16.29                  17
1486                     38.39                  19
1487                     17.17                  21
1488                     16.65                  22
1489                     38.76                  20
1490                     19.89                  20
1491                     16.35                  21
1492                     40.02                  17
1493                     21.86                  18
1494                     16.28                  18
1495                     32.65                  16
1496                     30.78                  18
1497                     15.65                  18
1498                     26.38                  21
1499                     35.48                  20
1500                     15.54                  21
1501                     29.66                  21
1502                     31.49                  21
1503                     16.34                  20
1504                     16.04                  21
1505                     37.21                  22
1506                     16.40                  20
1507                     16.60                  20
1508                     39.90                  20
1509                     15.90                  20
1510                     15.86                  21
1511                     29.33                  19
1512                     32.13                  20
1513                     15.83                  23
1514                     15.03                  23
1515                     31.41                  23
1516                     16.63                  22
1517                     26.85                  23
1518                     34.82                  23
1519                     16.16                  23
1520                     15.75                  22
1521                     29.30                  23
1522                     16.36                  22
1523                     15.29                  21
1524                     38.27                  21
1525                     16.23                  19
1526                     15.97                  21
1527                     30.56                  23
1528                     16.29                  24
1529                     15.83                  24
1530                     35.09                  22
1531                     15.94                  22
1532                     16.25                  24
1533                     36.97                  23
1534                     15.75                  23
1535                     15.80                  21
1536                     38.32                  23
1537                     15.73                  21
1538                     16.30                  20
1539                     15.49                  25
1540                     28.50                  22
1541                     15.47                  19
1542                     15.14                  18
1543                     22.93                  17
1544                     16.47                  18
1545                     37.46                  19
1546                     16.36                  20
1547                     16.32                  19
1548                     16.30                  21
1549                     41.00                  21
1550                     15.91                  21
1551                     14.98                  18
1552                     40.30                  21
1553                     15.79                  17
1554                     15.43                  18
1555                     26.29                  19
1556                     29.11                  17
1557                     15.70                  17
1558                     34.64                  19
1559                     25.59                  19
1560                     16.75                  17
1561                     15.73                  18
1562                     34.42                  18
1563                     15.86                  19
1564                     15.73                  16
1565                     37.02                  19
1566                     15.91                  17
1567                     15.74                  16
1568                     38.98                  18
1569                     15.72                  20
1570                     16.58                  20
1571                     30.15                  19
1572                     23.10                  21
1573                     16.59                  21
1574                     28.91                  23
1575                     24.86                  24
1576                     15.75                  22
1577                     14.97                  24
1578                     34.00                  22
1579                     15.73                  20
1580                     15.76                  19
1581                     31.23                  22
1582                     16.14                  22
1583                     16.85                  20
1584                     33.74                  19
1585                     16.00                  16
1586                     16.28                  16
1587                     37.06                  16
1588                     15.69                  19
1589                     15.17                  19
1590                     25.97                  19
1591                     15.68                  19
1592                     14.91                  19
1593                     34.34                  21
1594                     15.87                  18
1595                     15.80                  20
1596                     28.19                  22
1597                     16.34                  21
1598                     15.55                  20
1599                     25.97                  20
1600                     18.63                  19
1601                     15.09                  20
1602                     14.84                  18
1603                     15.69                  18
1604                     16.45                  18
1605                     15.63                  18
1606                     16.23                  15
1607                     16.63                  16
1608                     15.41                  18
1609                     17.12                  19
1610                     16.82                  20
1611                     15.32                  18
1612                     24.25                  20
1613                     15.89                  17
1614                     15.29                  17
1615                     23.09                  20
1616                     15.86                  17
1617                     15.03                  20
1618                     29.85                  19
1619                     14.93                  19
1620                     14.66                  21
1621                     14.92                  17
1622                     14.89                  19
1623                     14.63                  17
1624                     14.43                  16
1625                     14.46                  15
1626                     14.83                  14
1627                     14.45                  18
1628                     14.48                  17
1629                     14.49                  18
1630                     14.45                  15
1631                     14.46                  20
1632                     14.35                  19
1633                     14.36                  24
1634                     14.61                  23
1635                     14.51                  20
1636                     14.61                  22
1637                     14.56                  17
1638                     14.42                  18
1639                     14.48                  17
1640                     14.56                  20
1641                     14.47                  17
1642                     14.47                  21
1643                     14.55                  21
1644                     14.49                  22
1645                     14.47                  21
1646                     14.50                  24
1647                     14.52                  21
1648                     14.59                  19
1649                     14.56                  22
1650                     14.63                  19
1651                     35.48                  18
1652                     15.44                  19
1653                     15.14                  18
1654                     14.78                  17
1655                     17.15                  20
1656                     15.62                  18
1657                     15.02                  19
1658                     27.28                  20
1659                     15.41                  18
1660                     14.80                  18
1661                     32.13                  18
1662                     15.64                  15
1663                     15.27                  22
1664                     26.62                  23
1665                     14.93                  22
1666                     14.65                  22
1667                     24.19                  24
1668                     15.85                  21
1669                     15.77                  21
1670                     33.96                  25
1671                     15.52                  22
1672                     15.61                  27
1673                     15.07                  25
1674                     16.02                  25
1675                     15.69                  23
1676                     35.28                  24
1677                     15.63                  23
1678                     16.18                  24
1679                     15.90                  22
1680                     16.11                  22
1681                     15.40                  21
1682                     28.70                  23
1683                     25.13                  25
1684                     16.36                  22
1685                     15.32                  22
1686                     35.23                  21
1687                     16.39                  20
1688                     15.61                  20
1689                     42.94                  21
1690                     15.39                  22
1691                     16.17                  19
1692                     16.15                  19
1693                     18.38                  21
1694                     31.99                  21
1695                     15.89                  19
1696                     15.57                  19
1697                     15.60                  18
1698                     32.87                  20
1699                     23.51                  19
1700                     16.06                  20
1701                     15.99                  19
1702                     29.18                  18
1703                     15.55                  17
1704                     14.93                  19
1705                     26.52                  16
1706                     15.79                  18
1707                     16.51                  19
1708                     37.44                  18
1709                     15.44                  17
1710                     14.81                  20
1711                     29.09                  20
1712                     21.04                  19
1713                     15.36                  21
1714                     35.17                  22
1715                     15.22                  22
1716                     14.79                  21
1717                     35.52                  21
1718                     15.19                  20
1719                     14.98                  20
1720                     14.32                  22
1721                     28.52                  21
1722                     15.19                  18
1723                     14.46                  21
1724                     28.23                  21
1725                     15.44                  22
1726                     14.40                  21
1727                     35.53                  19
1728                     15.32                  20
1729                     14.64                  20
1730                     14.34                  21
1731                     22.44                  19
1732                     15.35                  21
1733                     28.94                  19
1734                     16.96                  20
1735                     16.27                  19
1736                     21.69                  19
1737                     30.16                  18
1738                     16.06                  18
1739                     28.08                  18
1740                     15.92                  18
1741                     15.41                  19
1742                     34.50                  20
1743                     27.64                  21
1744                     15.59                  22
1745                     15.52                  21
1746                     15.47                  21
1747                     18.74                  24
1748                     16.04                  25
1749                     15.75                  24
1750                     16.48                  22
1751                     41.86                  18
1752                     15.82                  19
1753                     15.61                  16
1754                     15.52                  17
1755                     15.43                  16
1756                     27.77                  17
1757                     15.95                  17
1758                     15.90                  16
1759                     32.70                  18
1760                     14.62                  18
1761                     14.58                  18
1762                     19.69                  17
1763                     15.55                  15
1764                     15.07                  14
1765                     33.61                  16
1766                     15.62                  17
1767                     14.85                  16
1768                     26.16                  17
1769                     21.99                  19
1770                     15.42                  20
1771                     34.84                  22
1772                     15.37                  21
1773                     14.82                  19
1774                     25.60                  21
1775                     16.20                  19
1776                     15.56                  20
1777                     31.78                  16
1778                     30.18                  18
1779                     16.22                  17
1780                     16.24                  16
1781                     42.29                  17
1782                     37.59                  16
1783                     16.96                  17
1784                     16.39                  17
1785                     34.15                  18
1786                     30.27                  20
1787                     15.36                  18
1788                     15.26                  17
1789                     30.33                  15
1790                     34.53                  17
1791                     15.52                  17
1792                     15.37                  16
1793                     29.97                  16
1794                     34.42                  15
1795                     15.73                  15
1796                     15.53                  15
1797                     29.88                  15
1798                     41.46                  16
1799                     15.72                  16
