index   dl_delay_ms   time_diff_ms    duration_ms   total_ms      packet_size  sync_rtt_ms
--------------------------------------------------------------------------------
1       11.42         -11.12          23.63         35.05         200000      6.74      
2       11.70         -10.84          12.96         24.67         200000      6.74      
3       16.84         -5.70           18.57         35.41         200000      6.74      
4       92.17         69.63           34.02         126.19        200000      6.60      
5       11.01         -11.52          18.77         29.79         200000      6.60      
6       11.50         -11.04          22.97         34.47         200000      6.60      
7       8.61          -13.12          29.26         37.87         200000      8.62      
8       190.74        169.01          16.94         207.67        200000      8.62      
9       13.18         -9.89           21.19         34.36         200000      7.20      
10      17.28         -5.79           14.84         32.12         200000      7.20      
11      11.99         -11.08          23.97         35.96         200000      7.20      
12      12.02         -10.92          24.20         36.22         200000      6.63      
13      12.87         -10.07          17.91         30.78         200000      6.63      
14      11.99         -10.95          21.06         33.05         200000      6.63      
15      126.30        103.53          24.57         150.88        200000      6.36      
16      11.37         -11.40          17.51         28.88         200000      6.36      
17      17.08         -5.77           12.73         29.81         200000      7.75      
18      18.03         -4.81           12.63         30.66         200000      7.75      
19      10.48         -12.36          19.95         30.43         200000      7.75      
20      11.31         -11.43          24.30         35.61         200000      8.00      
21      11.66         -11.08          145.02        156.68        200000      8.00      
22      11.39         -11.35          18.35         29.74         200000      8.00      
23      11.11         -11.38          28.98         40.09         200000      7.12      
24      16.31         -6.18           14.68         30.99         200000      7.12      
25      9.38          -13.12          35.26         44.64         200000      7.12      
26      190.94        168.71          11.44         202.38        200000      7.42      
27      16.29         -5.95           12.82         29.11         200000      7.42      
28      16.81         -5.96           12.67         29.48         200000      7.13      
29      11.70         -11.07          17.20         28.90         200000      7.13      
30      11.26         -11.51          24.31         35.57         200000      7.13      
31      11.63         -11.34          18.11         29.74         200000      8.03      
32      11.98         -11.00          18.82         30.80         200000      8.03      
33      12.11         -10.87          20.93         33.04         200000      8.03      
34      121.34        98.99           16.96         138.30        200000      6.94      
35      16.49         -5.86           12.78         29.27         200000      6.94      
36      17.36         -4.98           11.97         29.33         200000      6.94      
37      10.96         -10.88          15.42         26.38         200000      8.42      
38      235.73        213.90          11.08         246.82        200000      8.42      
39      11.68         -10.98          18.75         30.44         200000      6.60      
40      11.74         -10.92          21.28         33.02         200000      6.60      
41      11.16         -11.50          23.69         34.86         200000      6.60      
42      220.33        198.04          12.95         233.29        200000      7.39      
43      11.32         -10.97          20.04         31.36         200000      7.39      
44      19.02         -4.09           14.66         33.68         200000      6.74      
45      13.55         -9.56           20.85         34.41         200000      6.74      
46      17.15         -5.97           13.02         30.16         200000      6.74      
47      187.29        164.66          27.35         214.63        200000      7.75      
48      11.62         -11.01          20.90         32.52         200000      7.75      
49      12.75         -9.94           18.71         31.46         200000      6.97      
50      16.71         -5.98           12.66         29.37         200000      6.97      
51      211.54        188.85          22.94         234.48        200000      6.97      
52      13.23         -8.89           26.88         40.11         200000      8.20      
53      11.71         -10.40          26.63         38.34         200000      8.20      
54      19.49         -3.79           15.00         34.49         200000      7.46      
55      11.99         -11.30          34.14         46.12         200000      7.46      
56      152.29        129.00          16.52         168.81        200000      7.46      
57      11.45         -10.98          20.64         32.09         200000      8.31      
58      11.61         -10.82          15.45         27.06         200000      8.31      
59      10.84         -11.59          24.62         35.46         200000      8.31      
60      18.57         -4.51           18.24         36.81         200000      6.93      
61      12.15         -10.93          20.14         32.29         200000      6.93      
62      11.74         -11.34          29.38         41.12         200000      6.93      
63      11.89         -11.00          32.66         44.55         200000      7.12      
64      17.01         -5.88           12.74         29.75         200000      7.12      
65      17.96         -4.93           12.21         30.18         200000      7.12      
66      40.75         18.25           13.31         54.06         200000      6.98      
67      12.41         -10.09          17.90         30.31         200000      6.98      
68      11.97         -10.12          19.74         31.71         200000      7.04      
69      12.40         -9.69           18.75         31.15         200000      7.04      
70      17.90         -4.19           10.87         28.76         200000      7.04      
71      11.56         -11.03          18.76         30.32         200000      7.44      
72      16.57         -6.02           12.80         29.37         200000      7.44      
73      12.72         -9.87           15.43         28.15         200000      7.44      
74      10.62         -11.70          24.54         35.16         200000      6.35      
75      11.40         -10.92          19.54         30.94         200000      6.35      
76      18.12         -4.20           11.98         30.10         200000      6.35      
77      12.22         -10.89          24.60         36.82         200000      7.06      
78      13.34         -9.77           18.72         32.06         200000      7.06      
79      12.35         -10.75          18.76         31.11         200000      7.06      
80      11.57         -10.88          20.61         32.18         200000      7.91      
81      11.48         -10.98          18.92         30.40         200000      7.91      
82      184.66        163.18          12.55         197.21        200000      9.08      
83      9.73          -11.75          24.30         34.03         200000      9.08      
84      10.31         -11.17          28.71         39.01         200000      9.08      
85      13.66         -8.71           16.70         30.36         200000      6.76      
86      12.40         -9.96           18.68         31.09         200000      6.76      
87      176.24        153.87          10.95         187.19        200000      6.76      
88      17.05         -5.93           12.83         29.89         200000      7.27      
89      12.04         -10.94          24.74         36.79         200000      7.27      
90      9.63          -13.35          24.60         34.24         200000      7.27      
91      10.34         -12.74          23.61         33.95         200000      6.94      
92      16.94         -6.14           12.73         29.67         200000      6.94      
93      12.10         -10.97          23.84         35.94         200000      7.46      
94      141.21        118.14          18.66         159.87        200000      7.46      
95      12.10         -10.97          25.24         37.33         200000      7.46      
96      12.16         -10.90          18.69         30.85         200000      6.71      
97      11.04         -12.02          25.16         36.20         200000      6.71      
98      13.16         -9.89           18.06         31.23         200000      6.71      
99      16.91         -5.96           12.73         29.64         200000      6.74      
100     9.54          -13.33          24.39         33.93         200000      6.74      
101     106.42        84.87           24.44         130.86        200000      9.58      
102     10.25         -11.30          24.49         34.74         200000      9.58      
103     8.40          -13.15          28.04         36.44         200000      9.58      
104     11.38         -11.47          24.13         35.51         200000      7.41      
105     10.47         -12.38          19.94         30.41         200000      7.41      
106     11.77         -11.08          18.89         30.65         200000      7.41      
107     14.39         -9.39           20.18         34.57         200000      8.64      
108     107.53        83.75           23.15         130.67        200000      8.64      
109     13.63         -10.15          19.24         32.87         200000      8.64      
110     11.66         -11.39          29.15         40.81         200000      6.48      
111     11.92         -11.13          19.17         31.09         200000      6.48      
112     200.61        177.91          6.89          207.50        200000      7.23      
113     11.18         -11.52          29.24         40.43         200000      7.23      
114     11.61         -11.09          18.82         30.43         200000      7.23      
115     11.32         -11.35          24.02         35.34         200000      6.82      
116     10.10         -12.57          24.01         34.12         200000      6.82      
117     12.75         -9.93           18.86         31.60         200000      6.82      
118     9.57          -13.46          24.77         34.34         200000      7.09      
119     9.84          -13.18          24.46         34.31         200000      7.09      
120     82.58         59.55           34.36         116.94        200000      7.09      
121     12.01         -11.14          18.84         30.85         200000      7.32      
122     12.04         -11.10          24.79         36.83         200000      7.32      
123     226.73        204.17          11.29         238.02        200000      9.59      
124     11.62         -10.94          18.64         30.26         200000      9.59      
125     11.62         -10.94          18.84         30.46         200000      9.59      
126     11.39         -11.46          24.18         35.57         200000      6.53      
127     13.06         -9.79           17.60         30.66         200000      6.53      
128     216.73        193.05          9.01          225.73        200000      9.30      
129     12.15         -11.53          24.61         36.76         200000      9.30      
130     12.06         -11.62          29.44         41.51         200000      9.30      
131     12.22         -10.65          20.30         32.52         200000      7.80      
132     13.92         -8.95           16.60         30.51         200000      7.80      
133     186.37        164.04          17.30         203.67        200000      8.26      
134     8.96          -13.38          30.27         39.22         200000      8.26      
135     10.85         -11.48          24.29         35.15         200000      8.26      
136     17.30         -6.00           12.52         29.82         200000      8.02      
137     18.96         -4.34           10.99         29.95         200000      8.02      
138     11.62         -11.67          29.01         40.63         200000      8.02      
139     11.40         -11.85          23.60         35.00         200000      6.93      
140     12.79         -10.45          121.94        134.74        200000      6.93      
141     9.65          -13.59          30.31         39.96         200000      6.93      
142     10.36         -11.61          27.12         37.48         200000      9.61      
143     11.03         -10.94          18.14         29.17         200000      9.61      
144     15.87         -6.10           12.89         28.75         200000      9.61      
145     11.44         -11.58          29.51         40.94         200000      7.75      
146     9.75          -13.26          29.10         38.85         200000      7.75      
147     10.43         -11.48          18.12         28.56         200000      8.46      
148     13.67         -8.24           20.78         34.45         200000      8.46      
149     10.34         -11.57          17.26         27.60         200000      8.46      
150     12.90         -10.04          18.63         31.53         200000      7.88      
151     11.54         -11.41          30.12         41.65         200000      7.88      
152     11.40         -11.55          23.18         34.57         200000      7.88      
153     17.33         -5.98           12.89         30.22         200000      7.34      
154     192.10        168.79          17.03         209.13        200000      7.34      
155     17.27         -6.04           13.62         30.89         200000      7.34      
156     11.50         -10.98          18.91         30.41         200000      6.99      
157     16.24         -6.24           12.84         29.08         200000      6.99      
158     11.07         -11.40          23.57         34.64         200000      6.99      
159     11.65         -11.43          26.91         38.56         200000      7.05      
160     12.15         -10.94          20.89         33.04         200000      7.05      
161     136.98        113.54          18.15         155.12        200000      7.07      
162     17.48         -5.96           18.91         36.39         200000      7.07      
163     12.38         -11.06          24.89         37.27         200000      7.07      
164     16.40         -6.15           18.57         34.97         200000      7.08      
165     11.78         -10.77          21.53         33.31         200000      7.08      
166     13.51         -9.04           24.89         38.40         200000      7.08      
167     12.17         -11.05          18.90         31.06         200000      7.61      
168     101.82        78.60           11.03         112.85        200000      7.61      
169     12.41         -10.09          22.86         35.27         200000      6.90      
170     11.28         -11.21          18.70         29.98         200000      6.90      
171     11.21         -11.29          18.73         29.94         200000      6.90      
172     225.56        203.18          9.28          234.85        200000      8.15      
173     12.27         -10.12          19.04         31.31         200000      8.15      
174     10.68         -11.71          30.49         41.17         200000      8.15      
175     12.84         -10.17          25.19         38.03         200000      8.21      
176     206.32        183.30          20.17         226.49        200000      8.21      
177     12.08         -11.21          24.87         36.94         200000      6.96      
178     12.98         -10.30          18.93         31.91         200000      6.96      
179     13.04         -10.24          17.79         30.84         200000      6.96      
180     12.47         -11.08          18.89         31.36         200000      7.37      
181     12.44         -11.11          18.70         31.14         200000      7.37      
182     13.26         -10.30          19.51         32.77         200000      7.37      
183     13.05         -10.15          18.71         31.76         200000      6.62      
184     13.62         -9.58           100.40        114.02        200000      6.62      
185     12.66         -10.21          24.86         37.51         200000      6.87      
186     11.69         -11.18          18.82         30.51         200000      6.87      
187     9.28          -13.59          24.45         33.72         200000      6.87      
188     11.96         -11.12          18.79         30.75         200000      7.77      
189     11.96         -11.12          20.69         32.65         200000      7.77      
190     11.92         -11.17          18.97         30.89         200000      7.77      
191     11.87         -11.56          24.39         36.26         200000      7.64      
192     17.34         -6.09           12.72         30.06         200000      7.64      
193     17.28         -6.14           12.75         30.04         200000      7.64      
194     51.49         28.68           17.04         68.53         200000      7.66      
195     11.15         -11.66          24.33         35.48         200000      7.66      
196     11.19         -11.63          24.31         35.50         200000      7.66      
197     9.83          -12.55          28.26         38.09         200000      8.56      
198     11.27         -11.11          15.76         27.03         200000      8.56      
199     12.39         -9.99           171.48        183.87        200000      8.56      
200     301.02        278.92          9.03          310.05        200000      8.71      
201     16.80         -6.14           13.37         30.17         200000      8.47      
202     12.94         -10.01          25.08         38.02         200000      8.47      
203     251.72        228.77          12.06         263.78        200000      8.47      
204     10.81         -11.96          29.30         40.11         200000      7.46      
205     11.64         -11.13          18.84         30.48         200000      7.46      
206     11.44         -11.98          22.13         33.57         200000      5.71      
207     8.59          -14.83          31.37         39.96         200000      5.71      
208     11.19         -12.23          18.68         29.86         200000      5.71      
209     11.26         -14.28          32.34         43.60         200000      6.42      
210     16.36         -9.18           12.80         29.16         200000      6.42      
211     84.66         59.12           24.44         109.10        200000      6.42      
212     11.98         -15.34          20.65         32.63         200000      9.67      
213     10.96         -16.36          23.15         34.11         200000      9.67      
214     8.88          -18.43          28.69         37.57         200000      9.67      
215     24.94         -3.78           15.07         40.01         200000      7.23      
216     11.39         -17.33          20.43         31.82         200000      7.23      
217     15.82         -12.90          12.93         28.75         200000      7.23      
218     11.20         -18.15          30.68         41.88         200000      7.26      
219     10.04         -19.32          18.34         28.37         200000      7.26      
220     9.33          -20.03          27.67         37.00         200000      7.26      
221     20.34         -10.42          4.87          25.21         200000      6.40      
222     16.86         -13.91          14.36         31.22         200000      6.40      
223     10.05         -20.72          20.97         31.02         200000      6.40      
224     13.29         -18.78          18.33         31.62         200000      6.55      
225     10.57         -21.51          23.24         33.81         200000      6.55      
226     9.71          -23.77          29.16         38.87         200000      7.47      
227     8.88          -24.59          24.67         33.56         200000      7.47      
228     12.18         -21.30          18.49         30.67         200000      7.47      
229     12.00         -22.40          22.90         34.90         200000      6.67      
230     16.47         -17.94          20.80         37.26         200000      6.67      
231     35.81         1.41            16.10         51.91         200000      6.67      
232     8.40          -26.17          26.26         34.66         200000      10.63     
233     10.10         -24.47          24.31         34.41         200000      10.63     
234     12.07         -22.51          14.30         26.36         200000      10.63     
235     12.61         -23.61          21.11         33.72         200000      7.23      
236     16.24         -19.98          12.89         29.13         200000      7.23      
237     151.97        114.44          17.06         169.02        200000      7.29      
238     11.24         -26.28          24.42         35.66         200000      7.29      
239     13.55         -23.98          26.84         40.39         200000      7.29      
240     11.68         -26.39          18.66         30.35         200000      7.60      
241     213.38        175.31          19.12         232.50        200000      7.60      
242     17.97         -20.10          13.18         31.15         200000      7.60      
243     16.30         -22.36          13.07         29.37         200000      5.84      
244     12.41         -26.25          18.57         30.98         200000      5.84      
245     12.08         -26.58          14.48         26.55         200000      5.84      
246     200.32        161.00          12.14         212.46        200000      6.11      
247     10.48         -28.84          17.82         28.30         200000      6.11      
248     11.08         -29.02          30.35         41.43         200000      8.37      
249     9.51          -30.58          24.76         34.27         200000      8.37      
250     9.82          -30.28          23.30         33.12         200000      8.37      
251     12.50         -28.12          18.25         30.75         200000      6.91      
252     10.45         -30.17          23.45         33.90         200000      6.91      
253     18.19         -22.43          12.62         30.82         200000      6.91      
254     16.61         -24.83          12.76         29.37         200000      6.97      
255     14.40         -27.04          63.06         77.45         200000      6.97      
256     11.29         -30.15          18.76         30.05         200000      6.97      
257     11.47         -31.02          23.96         35.43         200000      7.28      
258     13.00         -29.48          18.66         31.67         200000      7.28      
259     11.23         -31.15          29.21         40.44         200000      6.68      
260     200.42        158.04          12.56         212.98        200000      6.68      
261     11.25         -31.13          18.16         29.41         200000      6.68      
262     12.81         -30.15          20.99         33.80         200000      7.65      
263     10.80         -32.15          24.47         35.27         200000      7.65      
264     230.66        187.20          19.10         249.76        200000      7.86      
265     9.56          -33.91          28.94         38.50         200000      7.86      
266     10.19         -33.28          22.43         32.62         200000      7.86      
267     11.40         -32.57          28.89         40.29         200000      7.93      
268     11.78         -32.19          29.24         41.02         200000      7.93      
269     162.81        118.57          11.97         174.78        200000      6.67      
270     11.66         -32.58          22.38         34.04         200000      6.67      
271     12.43         -31.81          18.75         31.18         200000      6.67      
272     12.39         -32.13          19.25         31.64         200000      6.97      
273     9.96          -34.55          30.00         39.97         200000      6.97      
274     11.32         -33.20          20.54         31.86         200000      6.97      
275     11.79         -33.48          20.76         32.55         200000      6.33      
276     131.32        86.04           16.75         148.06        200000      6.33      
277     12.45         -32.82          18.70         31.15         200000      6.33      
278     10.74         -34.28          24.50         35.24         200000      6.81      
279     9.32          -35.69          28.94         38.26         200000      6.81      
280     9.71          -35.30          23.66         33.37         200000      6.81      
281     17.89         -28.10          23.55         41.43         200000      7.22      
282     12.84         -33.15          19.10         31.94         200000      7.22      
283     112.84        66.77           11.86         124.71        200000      6.30      
284     12.69         -33.38          21.24         33.93         200000      6.30      
285     11.11         -34.96          26.16         37.28         200000      6.30      
286     11.50         -34.68          12.85         24.35         200000      6.48      
287     12.71         -33.47          18.67         31.38         200000      6.48      
288     10.96         -35.22          24.37         35.34         200000      6.48      
289     11.91         -34.82          20.83         32.74         200000      7.13      
290     9.35          -37.37          23.73         33.08         200000      7.13      
291     94.34         47.61           11.53         105.87        200000      7.13      
292     17.28         -28.97          11.60         28.89         200000      8.40      
293     16.17         -30.09          13.05         29.22         200000      8.40      
294     238.05        191.81          17.13         255.18        200000      9.36      
295     8.76          -37.48          24.12         32.87         200000      9.36      
296     11.06         -35.18          20.41         31.48         200000      9.36      
297     12.89         -34.59          18.55         31.43         200000      6.75      
298     12.85         -34.62          19.05         31.90         200000      6.75      
299     201.01        154.13          17.33         218.35        200000      7.79      
300     10.53         -36.35          24.07         34.60         200000      7.79      
