Frame        Inference_Time_ms    Objects_Detected
0                       173.13                  14
1                        29.76                  12
2                        28.30                  12
3                        28.14                  13
4                        28.13                  15
5                        28.08                  15
6                        28.36                  11
7                        28.09                  14
8                        20.65                  13
9                        15.83                  14
10                       16.33                  14
11                       15.80                  14
12                       15.81                  15
13                       16.08                  15
14                       15.77                  14
15                       15.46                  16
16                       15.51                  16
17                       15.81                  16
18                       15.51                  16
19                       15.49                  17
20                       14.56                  14
21                       14.14                  18
22                       14.06                  14
23                       14.04                  15
24                       14.01                  16
25                       14.00                  16
26                       14.06                  14
27                       14.12                  14
28                       14.08                  14
29                       14.04                  17
30                       14.23                  13
31                       14.01                  14
32                       14.02                  14
33                       14.02                  15
34                       14.04                  16
35                       14.10                  15
36                       13.99                  16
37                       13.98                  14
38                       14.17                  15
39                       14.14                  15
40                       14.29                  16
41                       14.07                  14
42                       14.07                  13
43                       14.05                  14
44                       14.24                  14
45                       14.06                  15
46                       14.08                  14
47                       14.33                  13
48                       14.08                  14
49                       14.03                  12
50                       14.07                  14
51                       13.97                  14
52                       13.99                  13
53                       13.96                  15
54                       13.93                  16
55                       13.96                  15
56                       13.98                  15
57                       14.01                  13
58                       13.98                  16
59                       13.97                  16
60                       13.95                  16
61                       14.04                  15
62                       14.16                  16
63                       14.07                  18
64                       14.05                  15
65                       13.95                  16
66                       14.33                  14
67                       14.27                  13
68                       14.03                  14
69                       14.49                  14
70                       14.22                  10
71                       14.06                  10
72                       14.02                  11
73                       14.02                  14
74                       13.94                  14
75                       14.82                  15
76                       14.41                  13
77                       14.45                  15
78                       14.33                  16
79                       14.41                  18
80                       14.34                  14
81                       14.45                  16
82                       14.45                  16
83                       14.45                  18
84                       14.31                  17
85                       14.33                  17
86                       14.46                  15
87                       14.69                  15
88                       14.64                  14
89                       14.59                  18
90                       14.47                  16
91                       14.50                  15
92                       14.72                  16
93                       14.72                  16
94                       14.71                  15
95                       14.75                  17
96                       14.73                  15
97                       14.67                  15
98                       14.67                  15
99                       14.82                  17
100                      14.87                  15
101                      14.85                  16
102                      14.96                  15
103                      14.70                  15
104                      15.13                  16
105                      14.91                  16
106                      14.98                  19
107                      15.11                  21
108                      14.74                  19
109                      15.05                  18
110                      14.79                  16
111                      14.73                  17
112                      14.78                  18
113                      14.80                  13
114                      14.81                  12
115                      14.81                  15
116                      14.78                  14
117                      15.03                  15
118                      15.13                  18
119                      15.04                  19
120                      14.86                  17
121                      14.91                  17
122                      14.89                  16
123                      14.87                  15
124                      14.87                  15
125                      14.94                  15
126                      14.90                  12
127                      14.89                  14
128                      15.14                  15
129                      14.95                  14
130                      15.14                  13
131                      15.13                  15
132                      14.99                  13
133                      14.99                  15
134                      15.48                  15
135                      15.31                  16
136                      15.33                  13
137                      15.29                  14
138                      15.18                  13
139                      15.15                  14
140                      15.17                  13
141                      14.65                  14
142                      14.63                  16
143                      14.64                  15
144                      14.49                  12
145                      14.66                  13
146                      14.64                  16
147                      14.55                  13
148                      14.51                  12
149                      14.55                  12
150                      14.51                  14
151                      14.54                  12
152                      14.50                  15
153                      14.46                  14
154                      14.54                  17
155                      14.50                  14
156                      14.48                  16
157                      14.49                  14
158                      14.49                  12
159                      14.48                  13
160                      14.49                  14
161                      14.53                  14
162                      14.50                  14
163                      14.50                  14
164                      14.50                  15
165                      14.58                  14
166                      14.46                  11
167                      14.57                  13
168                      14.51                  14
169                      14.53                  14
170                      14.45                  15
171                      14.52                  13
172                      14.47                  15
173                      14.52                  15
174                      14.47                  14
175                      14.47                  16
176                      14.48                  13
177                      14.47                  14
178                      14.52                  13
179                      14.50                  15
180                      14.47                  14
181                      14.49                  15
182                      14.49                  15
183                      14.49                  15
184                      14.52                  14
185                      14.56                  15
186                      14.47                  14
187                      14.50                  17
188                      14.50                  16
189                      14.65                  15
190                      14.63                  17
191                      14.68                  17
192                      14.55                  15
193                      14.48                  17
194                      14.54                  17
195                      15.10                  16
196                      15.31                  14
197                      15.61                  14
198                      15.27                  18
199                      15.18                  17
200                      15.17                  14
201                      15.52                  13
202                      15.46                  11
203                      15.44                  11
204                      15.41                  14
205                      15.31                  13
206                      15.28                  12
207                      15.39                  14
208                      15.27                  14
209                      15.37                  12
210                      15.36                  13
211                      15.51                  12
212                      15.25                  12
213                      15.48                  11
214                      15.59                  11
215                      15.57                  13
216                      15.41                  13
217                      15.37                  12
218                      15.43                  12
219                      15.39                  13
220                      14.55                  14
221                      14.52                  16
222                      14.54                  16
223                      14.62                  17
224                      14.38                  17
225                      14.41                  13
226                      14.41                  13
227                      14.44                  13
228                      14.67                  13
229                      14.38                  13
230                      14.58                  13
231                      14.55                  14
232                      14.54                  13
233                      14.51                  14
234                      14.46                  14
235                      14.41                  13
236                      14.81                  17
237                      14.52                  15
238                      14.56                  14
239                      14.53                  12
240                      14.69                  13
241                      14.42                  15
242                      14.39                  14
243                      14.63                  13
244                      14.37                  14
245                      14.42                  13
246                      14.40                  13
247                      14.41                  13
248                      14.46                  14
249                      14.41                  12
250                      14.47                  14
251                      14.43                  13
252                      14.71                  13
253                      14.57                  13
254                      14.55                  14
255                      14.58                  18
256                      14.39                  17
257                      14.41                  18
258                      14.42                  19
259                      14.56                  20
260                      14.63                  20
261                      14.59                  20
262                      14.58                  18
263                      14.43                  20
264                      14.44                  22
265                      14.54                  17
266                      14.58                  18
267                      14.54                  20
268                      14.41                  19
269                      14.43                  21
270                      14.45                  19
271                      14.42                  18
272                      14.39                  18
273                      14.42                  19
274                      14.62                  18
275                      14.67                  17
276                      14.63                  18
277                      14.50                  16
278                      14.75                  15
279                      14.50                  17
280                      14.53                  18
281                      14.73                  17
282                      14.73                  20
283                      14.74                  20
284                      14.73                  20
285                      14.61                  20
286                      14.86                  22
287                      14.84                  21
288                      14.85                  20
289                      14.69                  21
290                      14.70                  22
291                      14.69                  21
292                      14.93                  17
293                      15.02                  17
294                      14.91                  20
295                      14.77                  15
296                      14.78                  18
297                      14.83                  17
298                      15.03                  23
299                      15.05                  21
300                      15.04                  21
301                      14.90                  21
302                      14.89                  21
303                      14.87                  20
304                      14.88                  23
305                      14.90                  22
306                      14.89                  20
307                      14.88                  20
308                      14.89                  19
309                      14.90                  21
310                      15.13                  20
311                      15.13                  19
312                      15.14                  20
313                      14.99                  22
314                      14.97                  21
315                      14.99                  22
316                      15.01                  23
317                      14.98                  24
318                      14.99                  23
319                      14.98                  24
320                      14.98                  22
321                      14.97                  21
322                      15.25                  22
323                      15.26                  22
324                      15.22                  21
325                      15.08                  21
326                      15.13                  21
327                      15.06                  21
328                      15.10                  22
329                      15.09                  22
330                      15.10                  23
331                      15.07                  25
332                      15.15                  24
333                      15.07                  22
334                      15.37                  22
335                      15.33                  23
336                      15.33                  20
337                      15.16                  24
338                      15.15                  22
339                      15.18                  20
340                      15.18                  23
341                      15.22                  18
342                      15.16                  21
343                      15.18                  19
344                      15.16                  14
345                      15.17                  17
346                      15.16                  19
347                      15.25                  21
348                      15.15                  21
349                      15.16                  20
350                      15.16                  21
351                      15.32                  18
352                      15.39                  18
353                      15.48                  18
354                      15.46                  19
355                      15.30                  18
356                      15.27                  18
357                      15.27                  16
358                      15.28                  17
359                      15.27                  19
360                      15.27                  17
361                      15.32                  16
362                      15.29                  17
363                      15.30                  18
364                      15.43                  17
365                      15.59                  16
366                      15.59                  17
367                      15.40                  17
368                      15.39                  16
369                      15.42                  20
370                      15.39                  20
371                      15.40                  19
372                      15.40                  22
373                      15.43                  24
374                      15.42                  24
375                      15.44                  23
376                      15.38                  21
377                      15.41                  20
378                      15.47                  22
379                      15.42                  19
380                      15.41                  20
381                      15.39                  20
382                      16.20                  17
383                      15.75                  19
384                      15.79                  19
385                      15.53                  20
386                      15.49                  19
387                      15.58                  19
388                      15.97                  17
389                      16.01                  20
390                      15.99                  20
391                      15.67                  19
392                      15.62                  20
393                      15.61                  20
394                      15.59                  19
395                      14.27                  19
396                      14.28                  23
397                      14.30                  20
398                      14.19                  19
399                      14.17                  19
400                      14.16                  20
401                      14.29                  20
402                      14.27                  20
403                      14.28                  16
404                      14.27                  19
405                      14.30                  18
406                      14.28                  16
407                      14.26                  17
408                      14.29                  19
409                      14.19                  18
410                      14.18                  17
411                      14.21                  14
412                      14.23                  20
413                      14.23                  16
414                      14.21                  22
415                      14.22                  20
416                      14.21                  19
417                      14.40                  20
418                      14.20                  17
419                      14.23                  19
420                      14.20                  20
421                      14.29                  19
422                      14.33                  18
423                      14.29                  21
424                      14.30                  19
425                      14.33                  15
426                      14.23                  17
427                      14.20                  18
428                      14.21                  18
429                      14.35                  21
430                      14.25                  16
431                      14.26                  21
432                      14.28                  20
433                      14.26                  20
434                      14.27                  22
435                      14.24                  19
436                      14.29                  19
437                      14.23                  19
438                      14.15                  18
439                      14.37                  15
440                      14.33                  18
441                      14.24                  17
442                      14.31                  20
443                      14.27                  21
444                      14.28                  23
445                      14.26                  20
446                      14.35                  20
447                      14.25                  21
448                      14.76                  18
449                      14.73                  20
450                      15.84                  19
451                      15.48                  16
452                      15.41                  17
453                      15.64                  16
454                      15.37                  20
455                      15.43                  18
456                      15.39                  18
457                      15.46                  19
458                      15.36                  18
459                      15.39                  20
460                      15.34                  19
461                      14.23                  20
462                      14.16                  19
463                      14.10                  24
464                      14.07                  23
465                      14.01                  24
466                      13.96                  22
467                      14.34                  25
468                      14.12                  21
469                      14.56                  26
470                      14.14                  22
471                      14.16                  23
472                      14.20                  22
473                      14.09                  25
474                      14.20                  23
475                      14.18                  23
476                      14.18                  26
477                      14.13                  21
478                      14.34                  24
479                      14.10                  23
480                      14.12                  24
481                      14.34                  21
482                      14.23                  21
483                      14.14                  26
484                      14.09                  21
485                      14.03                  24
486                      14.02                  20
487                      14.23                  24
488                      14.11                  19
489                      14.39                  20
490                      14.21                  21
491                      14.09                  23
492                      14.12                  21
493                      14.09                  22
494                      14.06                  21
495                      14.20                  17
496                      14.46                  19
497                      14.46                  19
498                      14.33                  19
499                      14.13                  19
500                      14.73                  20
501                      14.07                  20
502                      14.07                  20
503                      14.41                  17
504                      14.60                  18
505                      14.17                  19
506                      14.09                  18
507                      14.27                  18
508                      14.16                  17
509                      14.36                  18
510                      14.25                  17
511                      14.11                  22
512                      14.10                  20
513                      14.25                  20
514                      14.16                  21
515                      15.20                  21
516                      15.24                  21
517                      15.24                  23
518                      15.13                  21
519                      15.17                  19
520                      15.15                  23
521                      15.28                  19
522                      15.28                  19
523                      15.31                  22
524                      15.08                  20
525                      15.14                  20
526                      15.10                  21
527                      15.14                  18
528                      15.08                  19
529                      15.20                  19
530                      15.14                  19
531                      15.14                  20
532                      15.52                  21
533                      15.52                  20
534                      15.50                  19
535                      15.51                  20
536                      15.33                  20
537                      15.31                  19
538                      15.29                  19
539                      14.50                  18
540                      14.47                  17
541                      14.47                  17
542                      14.36                  18
543                      14.39                  22
544                      14.39                  19
545                      14.36                  20
546                      14.36                  18
547                      14.44                  21
548                      14.34                  21
549                      14.37                  22
550                      14.38                  25
551                      14.41                  17
552                      14.35                  17
553                      14.37                  18
554                      14.49                  16
555                      14.49                  16
556                      14.50                  18
557                      14.34                  18
558                      14.58                  17
559                      14.51                  18
560                      14.50                  17
561                      14.47                  16
562                      14.52                  16
563                      14.48                  16
564                      14.42                  15
565                      14.39                  15
566                      15.98                  16
567                      14.36                  16
568                      14.38                  17
569                      14.39                  18
570                      14.39                  18
571                      14.37                  20
572                      14.44                  19
573                      14.43                  19
574                      14.33                  17
575                      14.59                  18
576                      14.36                  19
577                      14.37                  17
578                      14.38                  18
579                      14.37                  17
580                      14.37                  17
581                      14.33                  17
582                      14.37                  15
583                      14.36                  15
584                      14.37                  17
585                      14.35                  19
586                      14.38                  18
587                      14.38                  17
588                      14.37                  16
589                      14.34                  15
590                      14.35                  16
591                      14.37                  15
592                      14.39                  16
593                      14.53                  16
594                      15.00                  17
595                      14.97                  17
596                      14.98                  17
597                      14.86                  16
598                      14.81                  16
599                      15.03                  16
600                      15.05                  16
601                      15.10                  15
602                      15.05                  17
603                      14.95                  16
604                      14.86                  16
605                      14.90                  17
606                      14.49                  16
607                      14.45                  15
608                      14.47                  16
609                      14.34                  15
610                      14.34                  16
611                      14.33                  17
612                      14.42                  17
613                      14.37                  18
614                      14.49                  18
615                      14.63                  16
616                      14.48                  17
617                      14.39                  17
618                      14.26                  18
619                      14.88                  18
620                      14.63                  18
621                      14.85                  19
622                      14.81                  19
623                      14.79                  18
624                      14.68                  21
625                      14.69                  19
626                      14.67                  20
627                      14.62                  21
628                      14.74                  21
629                      14.62                  20
630                      14.63                  19
631                      14.62                  19
632                      14.63                  17
633                      14.52                  18
634                      14.51                  17
635                      14.67                  14
636                      14.69                  15
637                      14.64                  16
638                      14.61                  17
639                      14.61                  16
640                      14.64                  18
641                      14.60                  17
642                      14.61                  16
643                      14.63                  18
644                      14.69                  18
645                      14.65                  18
646                      14.60                  16
647                      14.57                  18
648                      14.62                  18
649                      14.61                  18
650                      14.61                  21
651                      14.61                  22
652                      14.52                  21
653                      14.49                  21
654                      14.60                  21
655                      14.64                  20
656                      14.80                  18
657                      14.60                  17
658                      14.62                  18
659                      14.59                  19
660                      14.63                  19
661                      14.52                  19
662                      14.48                  22
663                      14.52                  20
664                      14.49                  21
665                      14.58                  19
666                      14.58                  20
667                      14.61                  20
668                      14.67                  21
669                      14.60                  21
670                      14.68                  20
671                      14.59                  20
672                      14.62                  19
673                      14.91                  20
674                      14.61                  21
675                      14.67                  21
676                      14.59                  20
677                      14.59                  18
678                      14.58                  19
679                      14.52                  22
680                      14.52                  22
681                      14.79                  22
682                      14.51                  22
683                      14.70                  21
684                      14.98                  21
685                      15.18                  22
686                      14.98                  21
687                      15.05                  20
688                      14.97                  19
689                      15.12                  21
690                      15.17                  19
691                      15.22                  19
692                      15.18                  17
693                      15.14                  19
694                      15.47                  19
695                      15.21                  19
696                      14.85                  18
697                      14.80                  19
698                      14.89                  18
699                      14.94                  19
700                      14.79                  20
701                      14.78                  21
702                      14.81                  21
703                      14.75                  20
704                      14.74                  20
705                      14.73                  22
706                      14.98                  19
707                      14.36                  23
708                      14.49                  24
709                      14.40                  23
710                      14.43                  22
711                      14.36                  22
712                      14.33                  23
713                      14.29                  22
714                      14.43                  25
715                      14.42                  24
716                      14.41                  23
717                      14.57                  22
718                      14.32                  19
719                      14.42                  22
720                      14.39                  22
721                      14.42                  23
722                      14.70                  24
723                      14.71                  25
724                      14.69                  23
725                      14.68                  26
726                      14.88                  22
727                      14.81                  25
728                      14.86                  24
729                      14.81                  23
730                      14.82                  26
731                      14.76                  24
732                      14.70                  18
733                      14.83                  18
734                      14.81                  21
735                      14.80                  24
736                      14.72                  21
737                      14.70                  18
738                      14.78                  21
739                      14.70                  19
740                      14.67                  19
741                      14.72                  20
742                      14.70                  19
743                      14.78                  20
744                      14.80                  19
745                      14.80                  16
746                      14.68                  19
747                      14.68                  17
748                      14.70                  19
749                      14.69                  24
750                      15.15                  23
751                      15.06                  22
752                      15.05                  21
753                      14.91                  20
754                      14.88                  22
755                      14.91                  20
756                      14.88                  20
757                      14.90                  20
758                      14.85                  15
759                      14.86                  19
760                      14.93                  17
761                      14.89                  18
762                      15.12                  17
763                      15.30                  20
764                      15.13                  20
765                      15.03                  21
766                      14.98                  23
767                      15.01                  22
768                      14.99                  21
769                      14.99                  17
770                      14.98                  20
771                      15.01                  17
772                      14.98                  19
773                      15.00                  16
774                      15.16                  18
775                      15.24                  15
776                      15.27                  19
777                      15.16                  19
778                      15.05                  19
779                      15.10                  21
780                      15.34                  20
781                      15.37                  18
782                      15.34                  18
783                      15.22                  20
784                      15.17                  20
785                      15.21                  19
786                      15.20                  17
787                      15.14                  19
788                      15.17                  19
789                      15.21                  19
790                      15.15                  20
791                      15.20                  19
792                      15.14                  16
793                      14.93                  17
794                      14.96                  17
795                      14.84                  17
796                      14.80                  19
797                      14.77                  17
798                      14.97                  18
799                      14.78                  15
800                      14.77                  18
801                      14.79                  18
802                      14.79                  18
803                      14.77                  21
804                      14.78                  19
805                      14.79                  20
806                      14.79                  20
807                      14.79                  18
808                      14.78                  19
809                      14.80                  18
810                      14.76                  19
811                      14.66                  20
812                      14.66                  17
813                      14.51                  16
814                      14.49                  19
815                      14.52                  17
816                      14.51                  21
817                      14.52                  22
818                      14.49                  22
819                      14.49                  21
820                      14.49                  20
821                      14.52                  22
822                      14.49                  26
823                      14.27                  23
824                      14.26                  23
825                      14.21                  24
826                      14.14                  24
827                      14.17                  23
828                      14.16                  21
829                      14.17                  21
830                      14.24                  22
831                      14.55                  22
832                      14.27                  20
833                      14.27                  19
834                      14.24                  16
835                      14.28                  19
836                      14.29                  20
837                      14.29                  21
838                      14.26                  19
839                      14.33                  19
840                      14.36                  18
841                      14.25                  18
842                      14.26                  18
843                      14.27                  17
844                      14.24                  17
845                      14.22                  19
846                      14.57                  20
847                      14.38                  18
848                      14.25                  19
849                      14.32                  23
850                      14.26                  21
851                      14.27                  20
852                      14.27                  19
853                      14.36                  17
854                      14.32                  17
855                      14.25                  16
856                      14.27                  19
857                      14.15                  19
858                      14.39                  21
859                      14.24                  23
860                      14.28                  23
861                      14.25                  22
862                      14.25                  22
863                      14.30                  22
864                      14.30                  22
865                      14.25                  22
866                      14.72                  23
867                      14.29                  21
868                      14.34                  22
869                      14.30                  20
870                      14.14                  20
871                      14.39                  21
872                      14.60                  19
873                      14.38                  22
874                      14.28                  22
875                      14.26                  20
876                      14.31                  22
877                      14.29                  24
878                      14.24                  21
879                      14.49                  23
880                      14.39                  23
881                      14.41                  24
882                      14.34                  22
883                      14.81                  23
884                      14.38                  23
885                      14.38                  21
886                      14.37                  20
887                      14.27                  21
888                      14.29                  19
889                      14.27                  21
890                      14.30                  21
891                      14.27                  21
892                      14.27                  20
893                      14.48                  21
894                      14.37                  21
895                      14.37                  22
896                      14.39                  20
897                      14.27                  21
898                      14.30                  20
899                      14.27                  18
900                      14.29                  21
901                      14.28                  22
902                      14.30                  20
903                      14.29                  19
904                      14.26                  18
905                      14.49                  19
906                      14.23                  20
907                      14.46                  19
908                      14.36                  22
909                      14.39                  20
910                      14.40                  21
911                      14.30                  22
912                      14.28                  22
913                      14.28                  22
914                      14.27                  23
915                      14.25                  22
916                      14.42                  22
917                      14.36                  23
918                      14.39                  20
919                      14.30                  18
920                      14.28                  16
921                      14.26                  16
922                      14.26                  16
923                      14.28                  17
924                      14.27                  17
925                      15.26                  18
926                      15.20                  20
927                      15.33                  19
928                      15.04                  19
929                      15.10                  21
930                      15.08                  23
931                      15.07                  21
932                      15.06                  20
933                      15.12                  22
934                      15.04                  20
935                      15.08                  21
936                      15.08                  19
937                      15.35                  17
938                      15.34                  21
939                      15.32                  19
940                      15.21                  20
941                      15.22                  17
942                      15.15                  19
943                      15.18                  17
944                      15.17                  15
945                      15.18                  13
946                      15.16                  13
947                      15.17                  12
948                      15.16                  12
949                      15.45                  12
950                      15.45                  16
951                      15.70                  16
952                      15.31                  13
953                      15.29                  13
954                      15.26                  11
955                      15.31                  13
956                      15.24                  12
957                      15.28                  13
958                      15.25                  11
959                      15.27                  11
960                      15.28                  13
961                      15.26                  12
962                      15.25                  13
963                      15.28                  14
964                      15.28                  12
965                      15.28                  13
966                      15.30                  15
967                      15.61                  14
968                      15.64                  13
969                      15.57                  12
970                      15.39                  13
971                      15.37                  13
972                      15.39                  14
973                      15.41                  12
974                      15.38                  14
975                      15.39                  15
976                      15.68                  15
977                      15.41                  15
978                      15.38                  13
979                      15.37                  14
980                      15.41                  12
981                      15.44                  12
982                      15.38                  12
983                      15.39                  13
984                      15.42                  14
985                      15.36                  13
986                      15.28                  13
987                      15.20                  14
988                      15.21                  14
989                      15.14                  13
990                      15.05                  12
991                      15.06                  12
992                      15.07                  13
993                      15.06                  13
994                      15.14                  13
995                      15.04                  14
996                      15.12                  14
997                      15.44                  12
998                      15.04                  13
999                      15.08                  14
1000                     15.12                  17
1001                     15.10                  15
1002                     15.04                  15
1003                     15.45                  15
1004                     15.05                  16
1005                     15.07                  16
1006                     15.12                  14
1007                     15.06                  14
1008                     15.19                  15
1009                     15.04                  14
1010                     14.64                  16
1011                     14.63                  17
1012                     14.51                  16
1013                     14.47                  17
1014                     14.48                  16
1015                     14.48                  15
1016                     14.53                  16
1017                     14.44                  16
1018                     14.48                  15
1019                     14.49                  14
1020                     14.50                  14
1021                     14.51                  13
1022                     14.52                  14
1023                     14.52                  13
1024                     14.45                  12
1025                     14.77                  14
1026                     14.45                  14
1027                     14.47                  15
1028                     14.47                  16
1029                     14.51                  16
1030                     14.46                  16
1031                     14.62                  13
1032                     14.66                  13
1033                     14.61                  13
1034                     14.46                  13
1035                     14.45                  13
1036                     14.46                  15
1037                     14.49                  14
1038                     14.53                  16
1039                     14.47                  14
1040                     14.46                  16
1041                     14.45                  14
1042                     14.50                  13
1043                     14.51                  16
1044                     14.50                  14
1045                     14.49                  15
1046                     14.49                  14
1047                     14.76                  14
1048                     14.62                  14
1049                     14.61                  13
1050                     14.59                  11
1051                     14.63                  13
1052                     14.64                  10
1053                     14.65                  14
1054                     14.61                  13
1055                     14.49                  12
1056                     14.51                  13
1057                     14.52                  17
1058                     14.49                  15
1059                     14.45                  16
1060                     14.63                  16
1061                     14.61                  16
1062                     14.60                  14
1063                     14.54                  14
1064                     14.75                  14
1065                     14.71                  17
1066                     14.68                  15
1067                     14.57                  14
1068                     14.58                  14
1069                     14.75                  11
1070                     14.80                  14
1071                     14.84                  13
1072                     14.81                  12
1073                     14.70                  13
1074                     14.64                  14
1075                     14.84                  12
1076                     14.90                  15
1077                     14.96                  18
1078                     14.93                  17
1079                     14.79                  15
1080                     14.71                  16
1081                     14.76                  18
1082                     14.75                  14
1083                     14.75                  12
1084                     14.77                  11
1085                     14.76                  13
1086                     14.76                  11
1087                     14.74                  17
1088                     15.50                  17
1089                     15.01                  17
1090                     15.02                  19
1091                     14.85                  19
1092                     14.83                  17
1093                     14.84                  19
1094                     14.91                  20
1095                     14.83                  21
1096                     14.90                  18
1097                     14.87                  16
1098                     14.87                  18
1099                     14.84                  16
1100                     15.09                  17
1101                     15.12                  17
1102                     15.16                  15
1103                     14.97                  16
1104                     14.93                  17
1105                     15.05                  16
1106                     15.20                  17
1107                     15.27                  16
1108                     15.22                  17
1109                     15.03                  17
1110                     15.12                  17
1111                     15.05                  16
1112                     15.00                  16
1113                     15.48                  21
1114                     14.99                  17
1115                     14.86                  17
1116                     14.85                  16
1117                     14.93                  17
1118                     14.84                  17
1119                     14.86                  14
1120                     14.85                  13
1121                     14.85                  16
1122                     14.85                  14
1123                     14.88                  13
1124                     14.84                  13
1125                     14.84                  14
1126                     14.83                  15
1127                     15.36                  15
1128                     14.90                  12
1129                     14.95                  15
1130                     15.47                  14
1131                     15.36                  14
1132                     15.13                  14
1133                     14.97                  13
1134                     14.99                  15
1135                     15.01                  17
1136                     14.12                  15
1137                     14.05                  13
1138                     14.01                  16
1139                     13.97                  16
1140                     13.93                  17
1141                     13.95                  18
1142                     13.94                  15
1143                     14.00                  15
1144                     13.97                  17
1145                     14.02                  17
1146                     14.00                  17
1147                     13.97                  17
1148                     13.91                  15
1149                     13.93                  20
1150                     14.06                  14
1151                     14.03                  14
1152                     14.13                  17
1153                     14.00                  15
1154                     13.99                  15
1155                     13.99                  13
1156                     13.93                  13
1157                     13.96                  14
1158                     13.92                  15
1159                     14.35                  16
1160                     14.21                  17
1161                     14.41                  18
1162                     14.22                  14
1163                     14.00                  14
1164                     13.98                  12
1165                     13.94                  13
1166                     13.99                  14
1167                     13.92                  16
1168                     14.38                  16
1169                     14.20                  14
1170                     14.45                  14
1171                     14.19                  15
1172                     14.39                  16
1173                     14.03                  15
1174                     14.03                  18
1175                     14.54                  18
1176                     14.18                  20
1177                     14.12                  16
1178                     14.21                  18
1179                     13.99                  19
1180                     13.97                  17
1181                     14.19                  17
1182                     14.22                  17
1183                     14.08                  18
1184                     14.02                  15
1185                     14.00                  17
1186                     14.25                  15
1187                     14.08                  16
1188                     13.99                  15
1189                     13.97                  16
1190                     14.02                  15
1191                     14.18                  13
1192                     14.16                  12
1193                     14.19                  13
1194                     14.19                  11
1195                     14.26                  12
1196                     14.18                  12
1197                     14.26                  13
1198                     14.25                  12
1199                     14.22                  14
1200                     14.15                  14
1201                     14.25                  12
1202                     14.28                  13
1203                     14.42                  11
1204                     14.41                  12
1205                     14.42                  11
1206                     14.42                  12
1207                     14.36                  14
1208                     14.65                  12
1209                     14.61                  14
1210                     14.62                  14
1211                     14.62                  15
1212                     14.75                  16
1213                     14.55                  14
1214                     14.80                  15
1215                     14.77                  16
1216                     15.07                  16
1217                     14.75                  16
1218                     14.97                  16
1219                     14.75                  15
1220                     15.03                  17
1221                     14.86                  19
1222                     14.84                  16
1223                     14.87                  16
1224                     14.86                  16
1225                     14.71                  17
1226                     14.70                  14
1227                     14.35                  16
1228                     14.38                  14
1229                     14.37                  14
1230                     14.42                  13
1231                     14.39                  13
1232                     14.44                  14
1233                     14.39                  14
1234                     14.37                  15
1235                     14.33                  15
1236                     14.32                  14
1237                     14.26                  15
1238                     14.33                  17
1239                     14.24                  18
1240                     14.25                  16
1241                     14.30                  13
1242                     14.27                  15
1243                     14.25                  13
1244                     14.51                  13
1245                     14.26                  16
1246                     14.44                  15
1247                     14.43                  14
1248                     14.80                  13
1249                     14.34                  13
1250                     14.53                  15
1251                     14.42                  15
1252                     14.79                  15
1253                     15.37                  15
1254                     15.05                  15
1255                     14.45                  14
1256                     14.36                  13
1257                     14.56                  13
1258                     14.55                  18
1259                     14.58                  15
1260                     14.46                  16
1261                     14.41                  15
1262                     14.46                  15
1263                     14.44                  13
1264                     14.46                  15
1265                     14.43                  13
1266                     14.47                  12
1267                     14.48                  12
1268                     14.41                  15
1269                     14.43                  15
1270                     14.58                  13
1271                     14.57                  12
1272                     14.73                  12
1273                     14.55                  14
1274                     14.66                  14
1275                     14.55                  14
1276                     14.64                  14
1277                     14.59                  15
1278                     14.54                  15
1279                     14.48                  13
1280                     14.46                  15
1281                     14.49                  13
1282                     14.44                  17
1283                     14.56                  14
1284                     14.53                  16
1285                     14.53                  14
1286                     14.42                  14
1287                     14.41                  15
1288                     14.40                  17
1289                     14.55                  17
1290                     14.55                  15
1291                     14.51                  16
1292                     14.59                  15
1293                     14.54                  15
1294                     14.52                  13
1295                     14.51                  13
1296                     14.55                  15
1297                     14.42                  15
1298                     14.39                  13
1299                     14.40                  16
1300                     14.53                  15
1301                     14.51                  17
1302                     14.58                  18
1303                     14.42                  19
1304                     14.75                  19
1305                     14.53                  17
1306                     14.58                  19
1307                     14.56                  17
1308                     14.42                  16
1309                     14.70                  17
1310                     14.51                  15
1311                     14.83                  15
1312                     15.09                  16
1313                     15.08                  14
1314                     15.02                  14
1315                     15.01                  17
1316                     15.02                  15
1317                     15.23                  16
1318                     15.23                  17
1319                     15.20                  17
1320                     15.04                  15
1321                     15.05                  15
1322                     15.49                  14
1323                     15.45                  13
1324                     15.45                  13
1325                     15.43                  13
1326                     15.27                  12
1327                     15.26                  13
1328                     15.35                  14
1329                     14.92                  15
1330                     14.16                  12
1331                     13.98                  15
1332                     14.02                  15
1333                     14.27                  15
1334                     14.04                  17
1335                     14.11                  17
1336                     14.34                  17
1337                     14.00                  15
1338                     14.85                  15
1339                     14.35                  16
1340                     14.22                  12
1341                     14.45                  14
1342                     14.02                  16
1343                     13.99                  16
1344                     14.00                  17
1345                     14.01                  13
1346                     13.96                  15
1347                     14.10                  16
1348                     14.12                  14
1349                     13.96                  14
1350                     14.26                  13
1351                     14.12                  12
1352                     14.12                  15
1353                     13.96                  12
1354                     13.95                  13
1355                     13.94                  14
1356                     14.26                  16
1357                     13.97                  12
1358                     13.97                  14
1359                     13.92                  14
1360                     13.94                  15
1361                     14.03                  13
1362                     14.38                  15
1363                     14.06                  15
1364                     14.03                  14
1365                     14.21                  12
1366                     14.12                  13
1367                     13.98                  12
1368                     13.99                  12
1369                     14.25                  15
1370                     14.25                  16
1371                     14.35                  14
1372                     14.00                  13
1373                     14.34                  11
1374                     14.13                  11
1375                     14.30                  15
1376                     14.12                  12
1377                     13.99                  13
1378                     13.99                  13
1379                     13.98                  14
1380                     13.95                  16
1381                     13.97                  16
1382                     13.93                  15
1383                     14.20                  15
1384                     14.35                  15
1385                     14.25                  16
1386                     14.26                  16
1387                     14.25                  16
1388                     14.27                  17
1389                     14.26                  15
1390                     14.40                  14
1391                     14.39                  14
1392                     14.41                  15
1393                     14.24                  17
1394                     14.22                  15
1395                     14.37                  14
1396                     14.52                  14
1397                     14.54                  16
1398                     14.54                  14
1399                     14.53                  16
1400                     14.50                  15
1401                     14.69                  13
1402                     14.58                  13
1403                     14.65                  14
1404                     14.63                  14
1405                     14.64                  14
1406                     14.58                  13
1407                     14.48                  15
1408                     14.65                  13
1409                     14.35                  14
1410                     14.63                  14
1411                     14.23                  13
1412                     14.80                  11
1413                     14.36                  13
1414                     14.40                  14
1415                     14.34                  13
1416                     14.35                  14
1417                     14.21                  13
1418                     14.31                  13
1419                     14.22                  13
1420                     14.23                  14
1421                     14.42                  14
1422                     14.37                  15
1423                     14.34                  16
1424                     14.29                  16
1425                     14.23                  16
1426                     14.20                  14
1427                     14.23                  13
1428                     14.19                  13
1429                     14.20                  15
1430                     14.39                  15
1431                     14.40                  13
1432                     14.37                  16
1433                     14.33                  14
1434                     14.52                  14
1435                     14.35                  14
1436                     14.58                  15
1437                     14.34                  16
1438                     14.31                  14
1439                     14.23                  12
1440                     14.27                  12
1441                     14.21                  12
1442                     14.23                  14
1443                     14.29                  13
1444                     14.24                  13
1445                     14.21                  11
1446                     14.23                  12
1447                     14.22                  13
1448                     14.28                  16
1449                     14.22                  12
1450                     14.24                  13
1451                     14.23                  13
1452                     14.22                  11
1453                     14.19                  13
1454                     14.22                  16
1455                     14.24                  17
1456                     14.21                  17
1457                     14.39                  18
1458                     14.21                  18
1459                     14.23                  19
1460                     14.26                  19
1461                     14.38                  20
1462                     14.49                  21
1463                     15.03                  20
1464                     15.03                  19
1465                     15.01                  18
1466                     15.01                  17
1467                     16.63                  19
1468                     15.14                  20
1469                     15.15                  19
1470                     15.13                  20
1471                     15.00                  19
1472                     15.00                  19
1473                     14.99                  19
1474                     15.01                  17
1475                     15.00                  15
1476                     15.25                  16
1477                     14.96                  17
1478                     14.99                  17
1479                     14.98                  18
1480                     15.23                  17
1481                     15.25                  19
1482                     15.21                  20
1483                     15.09                  21
1484                     15.06                  20
1485                     15.17                  17
1486                     15.29                  19
1487                     15.32                  21
1488                     15.35                  22
1489                     15.24                  20
1490                     15.16                  20
1491                     15.26                  21
1492                     15.22                  17
1493                     15.27                  18
1494                     15.20                  18
1495                     15.04                  16
1496                     15.20                  18
1497                     15.07                  18
1498                     15.09                  21
1499                     15.09                  20
1500                     15.14                  21
1501                     15.08                  21
1502                     15.07                  21
1503                     15.12                  20
1504                     15.05                  21
1505                     15.06                  22
1506                     15.04                  20
1507                     15.06                  20
1508                     15.09                  20
1509                     15.06                  20
1510                     14.57                  21
1511                     14.58                  19
1512                     14.56                  20
1513                     14.43                  23
1514                     14.43                  23
1515                     14.41                  23
1516                     14.47                  22
1517                     14.42                  23
1518                     14.42                  23
1519                     14.54                  23
1520                     14.56                  22
1521                     14.55                  23
1522                     14.50                  22
1523                     14.42                  21
1524                     14.43                  21
1525                     15.20                  21
1526                     14.45                  23
1527                     14.58                  23
1528                     14.77                  24
1529                     15.10                  24
1530                     15.12                  22
1531                     14.54                  22
1532                     14.53                  24
1533                     15.02                  23
1534                     14.28                  23
1535                     14.00                  21
1536                     13.92                  23
1537                     14.01                  21
1538                     14.28                  20
1539                     14.22                  25
1540                     14.02                  22
1541                     14.22                  19
1542                     14.08                  18
1543                     13.99                  17
1544                     14.04                  18
1545                     13.94                  19
1546                     13.92                  20
1547                     14.09                  19
1548                     14.02                  21
1549                     14.02                  21
1550                     14.06                  21
1551                     14.20                  18
1552                     14.09                  21
1553                     14.19                  17
1554                     13.95                  18
1555                     14.42                  19
1556                     14.05                  17
1557                     14.03                  17
1558                     14.02                  19
1559                     14.21                  19
1560                     14.22                  17
1561                     14.01                  18
1562                     14.24                  18
1563                     14.00                  19
1564                     14.01                  16
1565                     14.01                  19
1566                     14.13                  17
1567                     13.99                  16
1568                     14.03                  18
1569                     14.56                  20
1570                     14.00                  20
1571                     14.22                  19
1572                     14.26                  21
1573                     14.27                  21
1574                     14.01                  23
1575                     14.41                  24
1576                     14.12                  22
1577                     14.39                  24
1578                     14.37                  22
1579                     14.13                  20
1580                     14.01                  19
1581                     14.05                  22
1582                     14.02                  22
1583                     14.13                  20
1584                     14.02                  19
1585                     14.03                  16
1586                     13.95                  16
1587                     13.93                  16
1588                     14.52                  19
1589                     14.68                  19
1590                     14.63                  19
1591                     14.62                  19
1592                     14.58                  19
1593                     14.62                  21
1594                     14.62                  18
1595                     14.40                  20
1596                     14.37                  22
1597                     14.39                  21
1598                     14.39                  20
1599                     14.36                  20
1600                     14.25                  19
1601                     14.34                  20
1602                     14.36                  18
1603                     14.44                  18
1604                     14.32                  18
1605                     14.67                  18
1606                     14.34                  15
1607                     14.32                  16
1608                     14.37                  18
1609                     14.36                  19
1610                     14.36                  20
1611                     14.31                  18
1612                     14.19                  20
1613                     14.25                  17
1614                     14.20                  17
1615                     14.27                  20
1616                     14.22                  17
1617                     14.29                  20
1618                     14.29                  19
1619                     14.35                  19
1620                     14.37                  21
1621                     14.35                  17
1622                     14.32                  19
1623                     14.35                  17
1624                     14.33                  16
1625                     14.23                  15
1626                     14.22                  14
1627                     14.25                  18
1628                     14.21                  17
1629                     14.20                  18
1630                     14.19                  15
1631                     14.22                  20
1632                     14.27                  19
1633                     14.23                  24
1634                     14.30                  23
1635                     14.24                  20
1636                     14.25                  22
1637                     14.26                  17
1638                     14.24                  18
1639                     14.23                  17
1640                     14.27                  20
1641                     14.42                  17
1642                     14.33                  21
1643                     14.38                  21
1644                     14.43                  22
1645                     14.64                  21
1646                     14.50                  24
1647                     14.40                  21
1648                     14.35                  19
1649                     15.27                  22
1650                     15.22                  19
1651                     15.28                  18
1652                     15.05                  19
1653                     15.09                  18
1654                     15.07                  17
1655                     15.44                  20
1656                     15.29                  18
1657                     15.33                  19
1658                     15.27                  20
1659                     15.17                  18
1660                     15.16                  18
1661                     15.14                  18
1662                     15.16                  15
1663                     15.17                  22
1664                     15.16                  23
1665                     15.16                  22
1666                     15.14                  22
1667                     16.21                  24
1668                     15.46                  21
1669                     15.45                  21
1670                     15.26                  25
1671                     15.54                  22
1672                     15.46                  27
1673                     15.45                  25
1674                     15.45                  25
1675                     15.45                  23
1676                     15.27                  24
1677                     15.58                  23
1678                     15.27                  24
1679                     15.26                  22
1680                     15.26                  22
1681                     15.28                  21
1682                     15.29                  23
1683                     15.46                  25
1684                     15.25                  22
1685                     15.60                  22
1686                     15.64                  21
1687                     15.56                  20
1688                     15.39                  20
1689                     15.38                  21
1690                     15.66                  21
1691                     15.35                  23
1692                     15.12                  19
1693                     15.11                  19
1694                     15.02                  21
1695                     15.02                  19
1696                     15.04                  19
1697                     15.01                  18
1698                     15.03                  20
1699                     15.03                  19
1700                     15.04                  20
1701                     15.02                  19
1702                     15.03                  18
1703                     15.01                  17
1704                     15.03                  19
1705                     15.03                  16
1706                     15.02                  18
1707                     15.04                  19
1708                     15.03                  18
1709                     15.02                  17
1710                     15.04                  20
1711                     15.05                  20
1712                     15.04                  19
1713                     15.03                  21
1714                     15.04                  22
1715                     15.08                  22
1716                     15.01                  21
1717                     15.03                  21
1718                     15.03                  20
1719                     14.95                  20
1720                     14.96                  22
1721                     14.95                  21
1722                     14.97                  18
1723                     14.96                  21
1724                     14.95                  21
1725                     14.96                  22
1726                     14.96                  21
1727                     15.49                  19
1728                     15.12                  20
1729                     15.11                  20
1730                     14.96                  21
1731                     14.98                  19
1732                     14.97                  21
1733                     14.97                  19
1734                     14.98                  20
1735                     14.96                  19
1736                     14.96                  19
1737                     14.96                  18
1738                     14.95                  18
1739                     15.26                  18
1740                     14.94                  18
1741                     15.14                  19
1742                     15.11                  20
1743                     15.12                  21
1744                     15.10                  22
1745                     15.02                  22
1746                     15.02                  21
1747                     15.08                  24
1748                     15.00                  25
1749                     14.87                  22
1750                     14.93                  24
1751                     15.04                  21
1752                     14.90                  18
1753                     15.09                  19
1754                     14.89                  17
1755                     14.90                  16
1756                     14.89                  17
1757                     14.87                  17
1758                     14.03                  16
1759                     14.00                  18
1760                     14.03                  18
1761                     14.30                  18
1762                     14.35                  17
1763                     14.54                  15
1764                     14.22                  14
1765                     14.23                  16
1766                     14.11                  17
1767                     14.02                  16
1768                     14.06                  17
1769                     14.44                  19
1770                     14.28                  20
1771                     14.18                  22
1772                     14.03                  21
1773                     14.01                  19
1774                     14.12                  21
1775                     14.15                  19
1776                     14.08                  20
1777                     14.28                  16
1778                     14.23                  18
1779                     14.03                  17
1780                     14.02                  16
1781                     14.39                  17
1782                     14.04                  16
1783                     14.04                  17
1784                     14.48                  17
1785                     14.23                  16
1786                     14.39                  18
1787                     14.24                  19
1788                     14.32                  18
1789                     14.15                  17
1790                     14.02                  15
1791                     14.04                  17
1792                     13.99                  17
1793                     14.23                  16
1794                     14.14                  16
1795                     14.05                  15
1796                     14.05                  15
1797                     13.97                  15
1798                     13.97                  15
1799                     13.98                  16
