Frame        Inference_Time_ms    Objects_Detected
0                       172.38                  14
1                        29.81                  12
2                        28.30                  12
3                        28.19                  13
4                        28.20                  15
5                        28.15                  15
6                        28.13                  11
7                        28.12                  14
8                        28.14                  13
9                        17.47                  14
10                       16.35                  14
11                       16.27                  14
12                       16.71                  15
13                       16.11                  15
14                       16.60                  15
15                       16.66                  14
16                       15.95                  16
17                       15.94                  16
18                       15.68                  17
19                       15.56                  14
20                       15.60                  14
21                       14.23                  14
22                       14.12                  15
23                       14.17                  16
24                       14.75                  16
25                       15.62                  16
26                       14.79                  14
27                       14.45                  14
28                       14.18                  14
29                       14.04                  17
30                       14.00                  13
31                       13.97                  14
32                       14.15                  14
33                       14.02                  15
34                       14.01                  16
35                       14.26                  15
36                       14.02                  16
37                       14.03                  14
38                       13.99                  15
39                       13.98                  15
40                       14.14                  16
41                       14.50                  14
42                       14.14                  13
43                       14.14                  14
44                       14.16                  14
45                       14.03                  15
46                       14.00                  14
47                       13.98                  13
48                       13.94                  14
49                       14.35                  12
50                       14.14                  14
51                       14.02                  14
52                       14.02                  13
53                       14.37                  15
54                       14.11                  16
55                       14.29                  15
56                       14.23                  15
57                       14.00                  13
58                       14.04                  16
59                       14.46                  16
60                       14.48                  16
61                       14.27                  15
62                       14.22                  16
63                       14.03                  18
64                       14.05                  15
65                       14.02                  16
66                       14.22                  14
67                       14.02                  13
68                       14.02                  14
69                       14.00                  14
70                       14.02                  10
71                       14.01                  10
72                       13.98                  11
73                       14.04                  14
74                       14.01                  14
75                       14.66                  15
76                       14.74                  13
77                       14.78                  15
78                       14.75                  16
79                       15.09                  18
80                       14.69                  14
81                       14.93                  16
82                       14.94                  16
83                       14.93                  18
84                       14.91                  17
85                       14.82                  17
86                       14.76                  15
87                       15.26                  15
88                       15.01                  14
89                       15.02                  18
90                       14.93                  16
91                       14.87                  15
92                       15.02                  16
93                       14.82                  16
94                       14.45                  15
95                       14.42                  17
96                       14.42                  15
97                       14.42                  15
98                       14.37                  15
99                       14.35                  17
100                      14.41                  15
101                      14.34                  16
102                      14.46                  15
103                      14.36                  15
104                      14.35                  16
105                      14.45                  16
106                      14.44                  19
107                      14.38                  21
108                      14.35                  19
109                      14.39                  18
110                      14.40                  16
111                      14.36                  17
112                      14.37                  18
113                      14.35                  13
114                      14.36                  12
115                      14.77                  15
116                      14.37                  14
117                      14.48                  15
118                      14.42                  18
119                      14.60                  19
120                      14.44                  17
121                      14.55                  17
122                      14.38                  16
123                      14.41                  15
124                      14.35                  15
125                      14.39                  15
126                      14.41                  12
127                      14.45                  14
128                      14.43                  15
129                      14.38                  14
130                      14.42                  13
131                      14.36                  15
132                      14.38                  13
133                      14.36                  15
134                      14.37                  15
135                      14.39                  16
136                      14.35                  13
137                      14.41                  14
138                      14.35                  13
139                      14.43                  14
140                      14.35                  13
141                      14.45                  14
142                      14.39                  16
143                      14.43                  15
144                      14.44                  12
145                      14.38                  13
146                      14.37                  16
147                      14.35                  13
148                      14.94                  12
149                      14.88                  12
150                      14.88                  14
151                      14.76                  12
152                      16.10                  15
153                      15.25                  17
154                      15.47                  14
155                      15.50                  17
156                      15.39                  14
157                      15.55                  14
158                      15.24                  12
159                      15.24                  13
160                      14.08                  14
161                      14.02                  14
162                      13.98                  14
163                      14.32                  14
164                      14.08                  15
165                      14.02                  14
166                      14.02                  11
167                      13.94                  13
168                      13.94                  14
169                      13.94                  14
170                      13.97                  15
171                      14.25                  13
172                      14.15                  15
173                      14.41                  15
174                      14.02                  14
175                      14.06                  16
176                      14.08                  13
177                      14.18                  14
178                      14.00                  13
179                      14.37                  15
180                      14.11                  14
181                      14.14                  15
182                      14.02                  15
183                      14.03                  15
184                      13.98                  14
185                      14.01                  15
186                      13.99                  14
187                      14.01                  17
188                      14.00                  16
189                      13.99                  15
190                      13.99                  17
191                      14.11                  17
192                      14.02                  15
193                      14.03                  17
194                      13.95                  17
195                      14.22                  16
196                      13.95                  14
197                      14.22                  14
198                      14.17                  18
199                      14.28                  17
200                      14.14                  14
201                      14.01                  13
202                      14.01                  11
203                      14.44                  11
204                      14.36                  14
205                      14.18                  13
206                      14.07                  12
207                      14.22                  14
208                      14.15                  14
209                      14.07                  11
210                      14.17                  13
211                      14.18                  12
212                      14.00                  12
213                      13.98                  11
214                      14.33                  11
215                      14.77                  13
216                      14.69                  13
217                      14.73                  12
218                      14.79                  12
219                      14.72                  13
220                      14.79                  14
221                      14.84                  16
222                      14.81                  16
223                      14.78                  17
224                      14.70                  17
225                      14.84                  13
226                      15.10                  13
227                      15.18                  13
228                      14.94                  13
229                      15.29                  13
230                      14.96                  13
231                      14.97                  14
232                      14.93                  13
233                      14.82                  14
234                      14.90                  13
235                      14.82                  13
236                      15.02                  17
237                      14.93                  15
238                      14.95                  14
239                      14.77                  12
240                      14.76                  13
241                      14.76                  15
242                      14.61                  14
243                      14.69                  13
244                      14.65                  14
245                      14.58                  13
246                      14.60                  13
247                      14.61                  13
248                      14.57                  14
249                      14.63                  12
250                      14.66                  14
251                      14.63                  13
252                      15.05                  13
253                      14.74                  13
254                      14.75                  14
255                      14.76                  18
256                      14.62                  17
257                      14.63                  18
258                      14.62                  19
259                      14.75                  20
260                      14.68                  20
261                      14.64                  20
262                      14.62                  18
263                      14.61                  20
264                      14.64                  22
265                      14.60                  17
266                      14.62                  18
267                      14.67                  20
268                      14.62                  19
269                      14.63                  21
270                      14.59                  19
271                      14.61                  18
272                      14.63                  18
273                      14.62                  19
274                      14.66                  18
275                      14.70                  17
276                      14.63                  18
277                      14.64                  16
278                      14.61                  15
279                      15.12                  17
280                      15.05                  17
281                      15.66                  17
282                      15.57                  20
283                      15.14                  20
284                      15.20                  20
285                      15.16                  20
286                      15.49                  22
287                      14.84                  21
288                      14.78                  20
289                      14.73                  21
290                      14.44                  22
291                      14.40                  21
292                      14.44                  17
293                      14.40                  17
294                      14.38                  20
295                      14.39                  15
296                      14.37                  18
297                      14.37                  17
298                      14.37                  23
299                      14.54                  21
300                      14.45                  21
301                      14.64                  21
302                      14.44                  21
303                      14.76                  20
304                      14.63                  23
305                      14.45                  22
306                      14.55                  20
307                      14.52                  20
308                      14.43                  19
309                      14.66                  21
310                      14.55                  20
311                      14.53                  19
312                      14.43                  20
313                      14.46                  22
314                      14.39                  21
315                      14.39                  22
316                      14.44                  23
317                      14.62                  24
318                      14.62                  23
319                      14.57                  24
320                      14.78                  22
321                      14.56                  21
322                      14.49                  22
323                      14.43                  22
324                      14.38                  21
325                      14.40                  21
326                      14.68                  21
327                      14.45                  21
328                      14.55                  22
329                      14.85                  22
330                      14.60                  23
331                      14.83                  25
332                      14.54                  24
333                      14.52                  22
334                      14.67                  22
335                      14.55                  23
336                      14.55                  20
337                      14.79                  24
338                      14.71                  22
339                      14.53                  20
340                      14.45                  23
341                      15.65                  18
342                      15.63                  21
343                      15.68                  19
344                      15.61                  14
345                      15.68                  17
346                      15.61                  19
347                      15.82                  21
348                      15.73                  21
349                      15.73                  20
350                      15.67                  21
351                      15.57                  18
352                      15.58                  18
353                      15.59                  18
354                      15.64                  19
355                      15.59                  18
356                      15.58                  18
357                      15.63                  16
358                      15.61                  17
359                      15.59                  19
360                      15.58                  17
361                      15.56                  16
362                      15.58                  17
363                      15.58                  18
364                      15.57                  17
365                      15.91                  16
366                      15.90                  17
367                      15.84                  17
368                      15.72                  16
369                      15.68                  20
370                      15.69                  20
371                      15.72                  19
372                      15.68                  22
373                      15.67                  24
374                      15.72                  24
375                      15.67                  23
376                      15.71                  21
377                      15.69                  20
378                      14.85                  22
379                      14.83                  19
380                      14.84                  20
381                      15.17                  20
382                      14.79                  17
383                      14.79                  19
384                      14.75                  19
385                      14.78                  20
386                      14.79                  19
387                      14.78                  19
388                      14.98                  17
389                      15.41                  20
390                      14.84                  20
391                      14.85                  19
392                      15.11                  20
393                      14.77                  20
394                      14.78                  19
395                      14.74                  19
396                      14.78                  23
397                      14.77                  20
398                      14.83                  19
399                      14.82                  19
400                      14.85                  20
401                      14.78                  20
402                      14.78                  20
403                      14.76                  16
404                      14.80                  19
405                      14.64                  18
406                      14.83                  16
407                      15.11                  17
408                      14.81                  19
409                      14.47                  18
410                      14.37                  17
411                      14.38                  14
412                      14.55                  20
413                      14.41                  16
414                      14.37                  22
415                      14.36                  20
416                      14.26                  19
417                      14.26                  20
418                      14.24                  17
419                      14.26                  19
420                      14.39                  20
421                      14.49                  19
422                      14.38                  18
423                      14.40                  21
424                      14.38                  19
425                      14.37                  15
426                      14.39                  17
427                      14.35                  18
428                      14.55                  18
429                      14.36                  21
430                      14.38                  16
431                      14.36                  21
432                      14.40                  20
433                      14.34                  20
434                      14.24                  22
435                      14.53                  19
436                      14.49                  19
437                      14.38                  19
438                      14.77                  18
439                      14.36                  15
440                      14.36                  18
441                      14.36                  17
442                      14.99                  20
443                      14.37                  21
444                      14.38                  23
445                      14.55                  20
446                      14.46                  20
447                      14.35                  21
448                      14.36                  18
449                      14.42                  20
450                      14.27                  19
451                      14.22                  19
452                      14.24                  16
453                      14.43                  17
454                      14.26                  17
455                      14.26                  20
456                      14.56                  17
457                      14.35                  19
458                      14.36                  18
459                      14.35                  20
460                      14.34                  19
461                      14.61                  20
462                      14.33                  19
463                      14.23                  24
464                      14.24                  23
465                      14.43                  24
466                      14.39                  22
467                      14.41                  25
468                      14.37                  21
469                      14.41                  26
470                      14.37                  22
471                      14.44                  23
472                      14.34                  22
473                      14.27                  25
474                      14.29                  23
475                      14.47                  23
476                      14.61                  26
477                      14.38                  21
478                      14.37                  24
479                      14.74                  23
480                      14.76                  24
481                      14.78                  21
482                      14.80                  21
483                      15.23                  26
484                      14.75                  21
485                      14.82                  24
486                      14.79                  20
487                      14.79                  24
488                      14.77                  19
489                      14.63                  20
490                      14.96                  21
491                      14.80                  23
492                      14.80                  21
493                      14.78                  22
494                      14.66                  21
495                      14.67                  17
496                      14.68                  19
497                      14.67                  19
498                      14.78                  19
499                      14.79                  19
500                      14.80                  20
501                      15.06                  20
502                      14.91                  20
503                      14.93                  17
504                      14.98                  18
505                      15.46                  19
506                      15.46                  18
507                      15.51                  18
508                      15.43                  17
509                      15.45                  18
510                      15.55                  17
511                      15.60                  22
512                      15.50                  20
513                      15.41                  20
514                      15.39                  21
515                      15.36                  21
516                      15.58                  21
517                      15.75                  23
518                      15.63                  21
519                      15.54                  19
520                      15.51                  23
521                      15.45                  19
522                      15.49                  19
523                      15.49                  22
524                      15.48                  20
525                      15.50                  20
526                      15.47                  21
527                      15.51                  18
528                      15.66                  19
529                      15.76                  19
530                      15.77                  19
531                      15.61                  20
532                      15.58                  21
533                      15.58                  20
534                      15.61                  19
535                      15.60                  20
536                      15.58                  20
537                      15.58                  19
538                      15.60                  19
539                      15.63                  18
540                      15.55                  17
541                      15.58                  17
542                      15.56                  18
543                      15.59                  22
544                      15.60                  19
545                      15.91                  20
546                      15.57                  18
547                      15.33                  21
548                      15.32                  21
549                      15.21                  22
550                      15.17                  25
551                      15.25                  17
552                      15.16                  17
553                      16.08                  18
554                      15.02                  17
555                      15.18                  18
556                      15.46                  18
557                      15.35                  17
558                      15.71                  19
559                      15.77                  17
560                      15.56                  17
561                      15.87                  16
562                      14.67                  16
563                      14.81                  15
564                      15.60                  15
565                      14.98                  15
566                      14.64                  16
567                      14.45                  16
568                      14.22                  17
569                      14.11                  18
570                      14.86                  18
571                      14.01                  19
572                      14.54                  20
573                      15.14                  17
574                      15.29                  19
575                      16.38                  18
576                      15.94                  19
577                      15.33                  17
578                      15.11                  18
579                      14.12                  17
580                      14.14                  17
581                      14.85                  17
582                      15.54                  15
583                      14.71                  15
584                      14.26                  17
585                      14.08                  19
586                      14.00                  18
587                      13.97                  17
588                      13.96                  16
589                      14.28                  15
590                      14.28                  16
591                      14.29                  15
592                      14.37                  16
593                      14.28                  16
594                      14.26                  17
595                      14.25                  17
596                      14.25                  17
597                      14.31                  16
598                      14.25                  16
599                      14.17                  16
600                      14.14                  16
601                      14.35                  15
602                      14.31                  17
603                      14.27                  16
604                      14.45                  16
605                      14.28                  17
606                      14.36                  16
607                      14.42                  15
608                      14.33                  16
609                      14.27                  15
610                      14.27                  16
611                      14.25                  17
612                      14.75                  18
613                      14.50                  18
614                      14.98                  18
615                      15.14                  16
616                      14.53                  17
617                      14.58                  18
618                      14.71                  18
619                      15.55                  19
620                      15.95                  20
621                      15.97                  18
622                      15.68                  19
623                      15.51                  21
624                      15.64                  19
625                      15.65                  20
626                      15.61                  21
627                      15.47                  21
628                      15.35                  21
629                      14.83                  20
630                      14.34                  19
631                      14.33                  19
632                      14.01                  17
633                      14.30                  18
634                      14.15                  17
635                      14.08                  14
636                      13.99                  15
637                      13.99                  16
638                      15.08                  16
639                      14.33                  18
640                      14.49                  18
641                      14.75                  15
642                      15.62                  18
643                      15.70                  18
644                      15.40                  18
645                      15.14                  18
646                      15.06                  16
647                      14.81                  18
648                      14.32                  18
649                      14.45                  18
650                      14.09                  21
651                      14.04                  22
652                      14.02                  21
653                      14.03                  21
654                      14.02                  21
655                      13.97                  20
656                      15.37                  18
657                      14.47                  17
658                      14.74                  19
659                      15.09                  19
660                      15.90                  19
661                      16.62                  22
662                      16.20                  22
663                      15.05                  21
664                      14.47                  20
665                      14.57                  19
666                      15.27                  20
667                      15.82                  20
668                      14.76                  21
669                      14.61                  21
670                      14.42                  20
671                      14.84                  20
672                      14.39                  19
673                      14.72                  20
674                      14.54                  21
675                      15.24                  21
676                      14.76                  20
677                      14.56                  18
678                      14.55                  19
679                      14.51                  22
680                      15.47                  23
681                      14.44                  22
682                      15.42                  21
683                      15.54                  21
684                      15.51                  21
685                      15.39                  22
686                      14.80                  20
687                      14.80                  20
688                      14.81                  19
689                      15.52                  21
690                      14.90                  19
691                      14.68                  19
692                      15.07                  17
693                      14.94                  19
694                      14.53                  19
695                      15.06                  19
696                      14.47                  18
697                      14.44                  19
698                      14.76                  18
699                      14.10                  20
700                      14.47                  21
701                      15.58                  21
702                      15.60                  20
703                      15.58                  20
704                      15.85                  20
705                      16.03                  22
706                      15.30                  19
707                      15.18                  23
708                      14.63                  24
709                      14.57                  23
710                      14.72                  22
711                      14.57                  22
712                      14.47                  23
713                      14.44                  22
714                      14.84                  25
715                      14.75                  24
716                      14.63                  23
717                      14.72                  22
718                      14.61                  19
719                      14.83                  22
720                      14.59                  23
721                      14.18                  24
722                      14.33                  24
723                      15.38                  24
724                      15.66                  24
725                      15.48                  23
726                      15.36                  24
727                      15.61                  25
728                      15.12                  24
729                      14.35                  23
730                      14.28                  26
731                      14.09                  24
732                      14.23                  18
733                      14.23                  18
734                      14.01                  21
735                      14.03                  24
736                      13.95                  21
737                      14.03                  18
738                      14.04                  21
739                      14.06                  19
740                      13.96                  19
741                      14.08                  20
742                      13.94                  19
743                      13.94                  20
744                      14.63                  19
745                      14.13                  18
746                      14.42                  17
747                      15.65                  17
748                      15.54                  19
749                      14.85                  24
750                      14.94                  22
751                      14.03                  20
752                      15.09                  21
753                      15.28                  21
754                      15.23                  21
755                      15.42                  20
756                      15.81                  20
757                      15.93                  20
758                      15.38                  15
759                      14.57                  19
760                      14.32                  17
761                      14.06                  18
762                      14.05                  17
763                      14.22                  20
764                      14.98                  20
765                      14.07                  21
766                      14.34                  22
767                      14.52                  22
768                      16.34                  18
769                      15.14                  20
770                      15.79                  18
771                      15.46                  19
772                      15.36                  16
773                      15.31                  16
774                      15.48                  14
775                      16.03                  15
776                      15.67                  19
777                      14.65                  19
778                      14.24                  19
779                      14.16                  21
780                      14.29                  20
781                      14.27                  18
782                      14.01                  18
783                      14.23                  17
784                      14.83                  20
785                      14.10                  17
786                      14.08                  19
787                      15.36                  19
788                      15.92                  19
789                      15.87                  20
790                      15.68                  20
791                      15.67                  19
792                      14.64                  16
793                      14.35                  17
794                      14.14                  17
795                      14.07                  17
796                      14.02                  19
797                      13.99                  17
798                      13.98                  18
799                      14.13                  15
800                      14.05                  18
801                      14.05                  18
802                      13.96                  18
803                      14.00                  21
804                      14.00                  19
805                      13.97                  20
806                      13.98                  20
807                      14.33                  18
808                      14.46                  19
809                      14.16                  18
810                      14.28                  19
811                      15.66                  20
812                      14.05                  17
813                      14.09                  16
814                      14.00                  19
815                      14.46                  17
816                      14.58                  21
817                      14.11                  22
818                      14.08                  22
819                      14.03                  21
820                      14.05                  20
821                      14.02                  22
822                      14.05                  26
823                      14.45                  23
824                      14.27                  23
825                      14.13                  24
826                      14.05                  24
827                      14.20                  23
828                      14.07                  21
829                      14.43                  21
830                      14.63                  22
831                      14.43                  22
832                      14.21                  20
833                      14.04                  19
834                      14.03                  16
835                      14.16                  19
836                      14.21                  20
837                      14.21                  21
838                      14.09                  19
839                      14.05                  19
840                      14.02                  18
841                      14.01                  18
842                      14.05                  18
843                      14.66                  17
844                      14.21                  17
845                      14.06                  19
846                      14.08                  20
847                      14.07                  18
848                      14.02                  19
849                      14.71                  23
850                      14.68                  21
851                      14.68                  20
852                      14.69                  19
853                      14.65                  17
854                      14.69                  17
855                      14.73                  16
856                      14.75                  17
857                      14.77                  19
858                      14.70                  21
859                      14.67                  23
860                      14.68                  23
861                      14.86                  22
862                      14.85                  22
863                      14.90                  22
864                      14.71                  22
865                      14.72                  22
866                      14.94                  23
867                      15.10                  21
868                      15.11                  22
869                      15.09                  20
870                      14.92                  20
871                      14.90                  21
872                      14.91                  19
873                      14.78                  22
874                      14.76                  22
875                      14.77                  20
876                      14.61                  22
877                      14.63                  24
878                      14.61                  21
879                      14.63                  23
880                      14.64                  23
881                      14.63                  24
882                      14.61                  22
883                      15.04                  23
884                      15.00                  23
885                      14.99                  21
886                      15.00                  20
887                      14.65                  21
888                      14.63                  19
889                      15.04                  21
890                      14.77                  21
891                      14.77                  21
892                      14.74                  20
893                      14.63                  21
894                      14.64                  21
895                      14.62                  22
896                      14.80                  20
897                      14.61                  21
898                      14.78                  20
899                      14.76                  18
900                      14.79                  21
901                      14.83                  22
902                      14.76                  20
903                      14.78                  19
904                      14.77                  18
905                      14.79                  19
906                      14.76                  20
907                      14.64                  19
908                      14.62                  22
909                      14.63                  20
910                      14.64                  21
911                      14.62                  22
912                      14.65                  22
913                      14.78                  22
914                      14.76                  23
915                      15.27                  22
916                      14.73                  22
917                      14.58                  23
918                      14.64                  20
919                      14.76                  18
920                      14.77                  16
921                      14.76                  16
922                      14.60                  16
923                      14.60                  17
924                      14.62                  17
925                      14.61                  18
926                      14.62                  20
927                      15.63                  19
928                      15.59                  19
929                      15.61                  21
930                      15.42                  23
931                      15.43                  21
932                      15.42                  20
933                      15.66                  22
934                      15.41                  20
935                      15.44                  21
936                      15.40                  19
937                      15.40                  17
938                      15.41                  21
939                      15.42                  19
940                      15.35                  20
941                      15.36                  17
942                      15.21                  19
943                      15.23                  17
944                      15.20                  15
945                      15.38                  13
946                      15.40                  13
947                      15.35                  12
948                      15.20                  12
949                      15.20                  12
950                      15.21                  16
951                      15.21                  16
952                      15.19                  13
953                      15.19                  13
954                      15.24                  11
955                      15.19                  13
956                      15.20                  12
957                      15.18                  13
958                      14.74                  11
959                      14.76                  11
960                      14.65                  13
961                      14.68                  12
962                      14.68                  13
963                      14.66                  14
964                      14.83                  12
965                      14.77                  13
966                      14.74                  15
967                      14.72                  14
968                      14.57                  13
969                      14.63                  12
970                      14.58                  13
971                      14.61                  13
972                      14.61                  14
973                      14.64                  12
974                      14.66                  14
975                      14.58                  15
976                      14.42                  15
977                      14.39                  15
978                      14.41                  13
979                      14.28                  14
980                      14.48                  12
981                      14.47                  12
982                      14.39                  12
983                      14.39                  13
984                      14.75                  14
985                      14.37                  13
986                      14.59                  13
987                      14.36                  14
988                      14.42                  14
989                      14.65                  13
990                      14.44                  12
991                      14.38                  12
992                      14.40                  13
993                      14.40                  13
994                      14.95                  13
995                      14.75                  14
996                      14.80                  14
997                      14.67                  12
998                      14.79                  13
999                      14.99                  14
1000                     15.06                  17
1001                     14.79                  15
1002                     14.78                  15
1003                     14.78                  15
1004                     15.16                  16
1005                     14.81                  16
1006                     14.81                  14
1007                     14.80                  14
1008                     14.83                  15
1009                     14.77                  14
1010                     15.02                  16
1011                     14.68                  17
1012                     14.67                  16
1013                     14.73                  17
1014                     14.85                  16
1015                     14.79                  15
1016                     14.92                  15
1017                     14.77                  16
1018                     14.94                  15
1019                     14.79                  14
1020                     14.80                  14
1021                     14.80                  13
1022                     14.84                  14
1023                     15.11                  13
1024                     14.76                  12
1025                     14.75                  14
1026                     14.77                  14
1027                     14.78                  15
1028                     14.65                  16
1029                     14.64                  16
1030                     15.43                  16
1031                     15.42                  13
1032                     15.42                  13
1033                     15.57                  12
1034                     15.45                  13
1035                     15.42                  13
1036                     15.51                  15
1037                     15.51                  14
1038                     15.71                  16
1039                     15.33                  14
1040                     15.37                  16
1041                     15.37                  14
1042                     15.43                  13
1043                     15.36                  16
1044                     15.37                  14
1045                     15.37                  15
1046                     15.34                  14
1047                     15.38                  14
1048                     15.86                  14
1049                     15.61                  13
1050                     15.62                  11
1051                     15.44                  13
1052                     15.47                  10
1053                     15.52                  14
1054                     15.74                  13
1055                     15.35                  12
1056                     15.31                  13
1057                     15.15                  17
1058                     15.23                  15
1059                     15.58                  16
1060                     15.58                  16
1061                     15.52                  16
1062                     15.54                  14
1063                     15.55                  14
1064                     15.78                  14
1065                     15.55                  17
1066                     15.57                  15
1067                     15.57                  14
1068                     15.57                  14
1069                     15.59                  11
1070                     15.58                  14
1071                     15.55                  13
1072                     15.58                  12
1073                     15.60                  13
1074                     15.63                  14
1075                     15.63                  12
1076                     15.50                  15
1077                     15.55                  18
1078                     15.73                  17
1079                     15.71                  15
1080                     15.72                  16
1081                     15.81                  18
1082                     15.57                  14
1083                     15.63                  12
1084                     15.59                  11
1085                     15.72                  13
1086                     15.71                  11
1087                     15.76                  17
1088                     15.60                  17
1089                     15.59                  17
1090                     15.80                  19
1091                     15.92                  19
1092                     15.86                  17
1093                     15.83                  19
1094                     15.67                  20
1095                     15.68                  21
1096                     15.65                  18
1097                     15.66                  16
1098                     15.66                  18
1099                     15.68                  16
1100                     15.65                  17
1101                     15.65                  17
1102                     15.66                  15
1103                     15.66                  16
1104                     15.67                  17
1105                     15.68                  16
1106                     15.63                  17
1107                     15.67                  16
1108                     15.98                  17
1109                     15.97                  17
1110                     15.97                  17
1111                     16.03                  16
1112                     15.76                  16
1113                     15.77                  21
1114                     15.77                  17
1115                     15.79                  17
1116                     15.78                  16
1117                     15.78                  17
1118                     15.77                  17
1119                     15.81                  14
1120                     15.80                  13
1121                     15.93                  16
1122                     15.81                  14
1123                     15.74                  13
1124                     15.64                  13
1125                     15.73                  14
1126                     15.90                  15
1127                     15.96                  14
1128                     15.98                  15
1129                     15.79                  12
1130                     15.78                  15
1131                     15.78                  14
1132                     15.78                  14
1133                     15.78                  13
1134                     16.08                  15
1135                     15.77                  17
1136                     15.77                  15
1137                     15.77                  13
1138                     15.77                  16
1139                     15.78                  16
1140                     15.77                  17
1141                     16.44                  18
1142                     15.82                  15
1143                     15.83                  15
1144                     16.08                  17
1145                     16.31                  17
1146                     16.16                  17
1147                     16.16                  17
1148                     16.15                  15
1149                     15.89                  20
1150                     16.50                  14
1151                     15.58                  16
1152                     15.57                  17
1153                     15.56                  15
1154                     15.52                  15
1155                     15.53                  13
1156                     15.51                  13
1157                     15.53                  14
1158                     15.97                  15
1159                     15.52                  16
1160                     15.55                  17
1161                     15.52                  18
1162                     15.53                  14
1163                     14.84                  14
1164                     14.80                  12
1165                     14.70                  13
1166                     14.69                  14
1167                     14.69                  16
1168                     14.86                  16
1169                     14.81                  14
1170                     14.84                  14
1171                     14.84                  15
1172                     14.69                  16
1173                     14.71                  15
1174                     14.69                  18
1175                     14.72                  18
1176                     14.68                  20
1177                     14.69                  16
1178                     15.04                  18
1179                     14.71                  19
1180                     14.69                  17
1181                     14.68                  17
1182                     14.72                  17
1183                     14.72                  18
1184                     14.70                  15
1185                     14.77                  17
1186                     14.63                  15
1187                     14.68                  16
1188                     14.71                  15
1189                     14.81                  16
1190                     14.65                  15
1191                     14.69                  13
1192                     14.71                  12
1193                     14.67                  13
1194                     14.69                  11
1195                     14.69                  12
1196                     14.68                  12
1197                     14.70                  13
1198                     14.70                  12
1199                     15.24                  14
1200                     14.68                  14
1201                     14.91                  12
1202                     14.80                  13
1203                     14.82                  11
1204                     14.69                  12
1205                     14.95                  11
1206                     14.68                  12
1207                     14.83                  14
1208                     14.86                  12
1209                     14.91                  14
1210                     14.68                  14
1211                     14.67                  15
1212                     14.68                  16
1213                     14.73                  14
1214                     14.69                  15
1215                     14.72                  16
1216                     14.85                  16
1217                     15.25                  16
1218                     15.26                  16
1219                     15.27                  15
1220                     15.08                  17
1221                     15.08                  19
1222                     15.30                  16
1223                     15.04                  16
1224                     15.04                  16
1225                     15.25                  17
1226                     15.00                  14
1227                     14.91                  16
1228                     14.91                  14
1229                     14.89                  14
1230                     14.95                  13
1231                     14.92                  13
1232                     15.19                  14
1233                     14.91                  14
1234                     14.88                  15
1235                     14.86                  15
1236                     14.88                  14
1237                     14.92                  15
1238                     14.87                  17
1239                     14.91                  18
1240                     14.86                  16
1241                     14.91                  13
1242                     14.90                  15
1243                     14.91                  13
1244                     14.93                  13
1245                     14.88                  16
1246                     15.09                  15
1247                     15.05                  14
1248                     15.05                  13
1249                     14.91                  13
1250                     14.92                  15
1251                     14.91                  14
1252                     14.88                  15
1253                     14.91                  15
1254                     15.14                  15
1255                     14.87                  14
1256                     14.86                  13
1257                     14.86                  13
1258                     14.93                  18
1259                     14.90                  15
1260                     14.90                  16
1261                     14.89                  15
1262                     14.87                  15
1263                     14.89                  13
1264                     14.88                  15
1265                     14.90                  13
1266                     14.88                  12
1267                     14.85                  12
1268                     15.15                  15
1269                     14.89                  15
1270                     14.91                  13
1271                     14.87                  12
1272                     14.87                  12
1273                     14.85                  14
1274                     14.92                  14
1275                     14.88                  14
1276                     14.85                  14
1277                     15.56                  15
1278                     15.47                  15
1279                     16.00                  13
1280                     15.38                  15
1281                     15.29                  13
1282                     15.30                  17
1283                     15.62                  14
1284                     15.60                  16
1285                     15.61                  14
1286                     15.47                  14
1287                     16.47                  15
1288                     15.36                  17
1289                     15.42                  17
1290                     15.36                  15
1291                     15.39                  16
1292                     15.41                  15
1293                     15.35                  15
1294                     15.41                  13
1295                     15.67                  13
1296                     15.39                  15
1297                     15.42                  15
1298                     15.39                  13
1299                     15.41                  16
1300                     15.72                  15
1301                     15.71                  17
1302                     15.80                  18
1303                     15.77                  19
1304                     15.87                  19
1305                     15.55                  17
1306                     15.85                  19
1307                     15.53                  17
1308                     15.49                  16
1309                     15.49                  17
1310                     15.46                  15
1311                     15.27                  15
1312                     15.30                  16
1313                     15.29                  14
1314                     15.68                  14
1315                     15.28                  17
1316                     15.81                  15
1317                     15.31                  16
1318                     15.29                  17
1319                     15.50                  17
1320                     15.33                  15
1321                     15.48                  15
1322                     15.68                  14
1323                     15.47                  13
1324                     15.31                  13
1325                     15.29                  13
1326                     15.30                  12
1327                     15.28                  13
1328                     15.33                  14
1329                     15.29                  15
1330                     15.27                  12
1331                     15.29                  15
1332                     15.26                  15
1333                     15.27                  15
1334                     15.30                  17
1335                     15.31                  17
1336                     15.57                  17
1337                     15.29                  15
1338                     15.28                  15
1339                     15.28                  16
1340                     15.32                  12
1341                     15.32                  14
1342                     15.26                  16
1343                     15.29                  16
1344                     15.30                  17
1345                     15.39                  13
1346                     15.27                  15
1347                     15.28                  16
1348                     15.29                  14
1349                     15.30                  14
1350                     15.29                  13
1351                     15.27                  12
1352                     15.28                  15
1353                     15.34                  12
1354                     15.25                  13
1355                     15.29                  14
1356                     15.29                  16
1357                     15.30                  12
1358                     15.35                  14
1359                     15.28                  14
1360                     15.25                  15
1361                     15.65                  13
1362                     15.77                  15
1363                     15.75                  15
1364                     15.52                  14
1365                     15.55                  12
1366                     15.51                  13
1367                     15.52                  12
1368                     15.47                  12
1369                     15.54                  15
1370                     15.52                  16
1371                     15.51                  14
1372                     15.51                  13
1373                     15.50                  11
1374                     15.52                  11
1375                     15.50                  15
1376                     15.56                  12
1377                     15.50                  13
1378                     15.49                  13
1379                     15.53                  14
1380                     15.49                  16
1381                     15.50                  16
1382                     15.55                  15
1383                     15.51                  15
1384                     15.52                  15
1385                     15.52                  16
1386                     15.51                  16
1387                     15.52                  16
1388                     15.52                  17
1389                     15.52                  15
1390                     15.51                  14
1391                     15.50                  14
1392                     14.83                  15
1393                     14.83                  17
1394                     14.82                  15
1395                     14.68                  14
1396                     14.67                  14
1397                     14.67                  16
1398                     14.69                  14
1399                     14.84                  16
1400                     14.85                  15
1401                     14.86                  13
1402                     14.85                  13
1403                     14.84                  14
1404                     14.84                  14
1405                     14.70                  14
1406                     14.67                  13
1407                     14.73                  15
1408                     14.68                  13
1409                     14.67                  14
1410                     14.71                  14
1411                     14.69                  13
1412                     14.71                  11
1413                     14.72                  13
1414                     14.69                  14
1415                     14.68                  13
1416                     14.83                  14
1417                     14.67                  13
1418                     14.86                  13
1419                     14.85                  13
1420                     14.75                  14
1421                     14.68                  14
1422                     14.68                  15
1423                     14.70                  16
1424                     14.67                  16
1425                     14.67                  16
1426                     14.70                  14
1427                     14.70                  13
1428                     14.70                  13
1429                     14.69                  15
1430                     14.66                  15
1431                     14.68                  13
1432                     14.69                  16
1433                     14.68                  14
1434                     14.67                  14
1435                     14.69                  14
1436                     15.07                  15
1437                     14.67                  16
1438                     14.69                  14
1439                     14.97                  12
1440                     14.64                  12
1441                     14.69                  12
1442                     14.69                  14
1443                     14.81                  13
1444                     14.67                  13
1445                     15.07                  11
1446                     15.13                  12
1447                     15.17                  13
1448                     15.15                  16
1449                     15.01                  12
1450                     14.98                  13
1451                     15.50                  13
1452                     15.12                  11
1453                     15.15                  13
1454                     15.12                  16
1455                     14.98                  17
1456                     15.00                  17
1457                     15.01                  18
1458                     15.00                  18
1459                     15.32                  19
1460                     15.28                  19
1461                     15.10                  20
1462                     15.00                  21
1463                     15.01                  20
1464                     14.53                  19
1465                     14.45                  18
1466                     14.49                  17
1467                     14.48                  19
1468                     14.48                  20
1469                     14.44                  19
1470                     14.50                  20
1471                     14.47                  19
1472                     14.42                  19
1473                     14.32                  19
1474                     14.52                  17
1475                     14.36                  15
1476                     14.45                  16
1477                     14.43                  17
1478                     14.60                  17
1479                     14.31                  18
1480                     14.80                  17
1481                     14.84                  19
1482                     14.84                  20
1483                     15.26                  21
1484                     14.83                  20
1485                     14.58                  17
1486                     14.43                  21
1487                     14.59                  21
1488                     15.14                  22
1489                     15.75                  20
1490                     14.81                  20
1491                     15.05                  21
1492                     14.39                  18
1493                     14.45                  17
1494                     15.25                  16
1495                     16.16                  16
1496                     15.50                  18
1497                     14.71                  18
1498                     14.76                  21
1499                     14.44                  20
1500                     14.13                  22
1501                     14.22                  21
1502                     14.42                  21
1503                     14.29                  20
1504                     14.56                  21
1505                     14.08                  22
1506                     14.09                  20
1507                     14.04                  20
1508                     14.02                  20
1509                     13.92                  20
1510                     13.99                  21
1511                     13.95                  19
1512                     13.95                  20
1513                     13.97                  23
1514                     14.41                  23
1515                     14.19                  23
1516                     14.29                  22
1517                     14.04                  23
1518                     13.97                  23
1519                     14.05                  23
1520                     14.14                  22
1521                     14.32                  23
1522                     14.11                  22
1523                     14.05                  21
1524                     14.10                  21
1525                     14.00                  19
1526                     14.21                  21
1527                     14.04                  23
1528                     14.15                  24
1529                     14.12                  24
1530                     14.51                  22
1531                     14.29                  22
1532                     14.14                  24
1533                     14.01                  23
1534                     14.04                  23
1535                     13.99                  21
1536                     14.40                  23
1537                     13.94                  21
1538                     14.45                  20
1539                     14.30                  25
1540                     14.24                  22
1541                     14.14                  19
1542                     14.38                  18
1543                     14.20                  17
1544                     14.11                  18
1545                     14.16                  19
1546                     14.31                  20
1547                     14.05                  19
1548                     14.03                  21
1549                     14.39                  21
1550                     15.11                  21
1551                     14.02                  18
1552                     14.34                  21
1553                     14.50                  17
1554                     14.11                  18
1555                     14.41                  19
1556                     14.37                  17
1557                     14.38                  17
1558                     14.36                  19
1559                     14.35                  19
1560                     14.35                  17
1561                     14.49                  18
1562                     14.52                  18
1563                     14.52                  19
1564                     14.52                  16
1565                     14.51                  19
1566                     14.50                  17
1567                     14.56                  16
1568                     14.58                  18
1569                     14.57                  20
1570                     14.60                  20
1571                     14.56                  19
1572                     15.33                  21
1573                     15.44                  21
1574                     14.88                  23
1575                     14.84                  24
1576                     14.81                  22
1577                     14.81                  24
1578                     14.88                  22
1579                     15.14                  20
1580                     14.97                  19
1581                     15.14                  22
1582                     14.96                  22
1583                     14.97                  20
1584                     14.94                  19
1585                     14.55                  16
1586                     14.52                  16
1587                     14.54                  16
1588                     14.48                  19
1589                     14.47                  19
1590                     14.50                  19
1591                     14.51                  19
1592                     14.49                  19
1593                     14.51                  21
1594                     14.49                  18
1595                     14.46                  20
1596                     14.48                  22
1597                     14.50                  21
1598                     14.47                  20
1599                     14.49                  20
1600                     14.47                  19
1601                     14.47                  20
1602                     14.48                  18
1603                     14.85                  18
1604                     14.56                  18
1605                     14.56                  18
1606                     14.51                  15
1607                     14.44                  16
1608                     14.47                  18
1609                     14.48                  19
1610                     14.48                  20
1611                     14.58                  18
1612                     14.55                  20
1613                     14.58                  17
1614                     14.47                  17
1615                     14.46                  20
1616                     14.93                  17
1617                     14.47                  20
1618                     14.48                  19
1619                     14.46                  19
1620                     14.44                  21
1621                     14.46                  17
1622                     14.43                  19
1623                     14.46                  17
1624                     14.54                  16
1625                     14.63                  15
1626                     14.50                  14
1627                     14.47                  18
1628                     14.41                  17
1629                     14.62                  18
1630                     14.55                  15
1631                     14.54                  20
1632                     14.52                  19
1633                     15.18                  24
1634                     14.83                  23
1635                     14.86                  20
1636                     14.87                  22
1637                     14.93                  17
1638                     14.94                  18
1639                     15.74                  17
1640                     15.74                  20
1641                     15.72                  17
1642                     15.53                  21
1643                     15.57                  21
1644                     15.57                  22
1645                     15.56                  21
1646                     15.56                  24
1647                     15.59                  21
1648                     15.79                  19
1649                     15.54                  22
1650                     15.57                  19
1651                     15.86                  18
1652                     15.85                  19
1653                     15.86                  18
1654                     15.78                  17
1655                     15.61                  20
1656                     15.75                  18
1657                     15.60                  19
1658                     15.79                  20
1659                     15.63                  18
1660                     15.60                  18
1661                     15.43                  18
1662                     15.41                  15
1663                     15.25                  22
1664                     15.13                  23
1665                     15.18                  22
1666                     15.06                  22
1667                     14.98                  24
1668                     15.00                  21
1669                     14.98                  21
1670                     15.00                  25
1671                     14.99                  22
1672                     15.00                  27
1673                     15.01                  25
1674                     14.99                  25
1675                     14.99                  23
1676                     14.97                  24
1677                     14.99                  23
1678                     15.01                  24
1679                     14.97                  22
1680                     14.98                  22
1681                     14.97                  21
1682                     15.00                  23
1683                     15.00                  25
1684                     14.97                  22
1685                     14.98                  22
1686                     14.99                  21
1687                     14.98                  20
1688                     14.99                  20
1689                     14.97                  21
1690                     14.98                  21
1691                     14.98                  23
1692                     14.96                  19
1693                     14.99                  19
1694                     15.24                  21
1695                     15.00                  19
1696                     14.98                  19
1697                     15.10                  18
1698                     14.99                  20
1699                     14.98                  19
1700                     15.04                  20
1701                     15.01                  19
1702                     14.96                  18
1703                     14.97                  17
1704                     15.02                  19
1705                     14.99                  16
1706                     14.98                  18
1707                     15.00                  19
1708                     14.99                  18
1709                     14.97                  17
1710                     15.00                  20
1711                     15.30                  20
1712                     16.77                  19
1713                     14.99                  21
1714                     15.01                  22
1715                     15.02                  22
1716                     15.02                  21
1717                     15.01                  21
1718                     14.43                  20
1719                     14.42                  20
1720                     14.42                  22
1721                     14.42                  21
1722                     14.37                  18
1723                     14.42                  21
1724                     14.27                  21
1725                     14.27                  22
1726                     14.27                  21
1727                     14.30                  19
1728                     14.45                  20
1729                     14.40                  20
1730                     14.30                  21
1731                     14.34                  19
1732                     14.56                  21
1733                     14.35                  19
1734                     14.31                  20
1735                     14.34                  19
1736                     14.32                  19
1737                     14.32                  18
1738                     14.31                  18
1739                     14.55                  18
1740                     14.37                  18
1741                     14.38                  19
1742                     14.78                  22
1743                     14.72                  21
1744                     14.80                  22
1745                     14.74                  22
1746                     14.68                  21
1747                     14.67                  24
1748                     14.81                  25
1749                     14.68                  22
1750                     14.67                  24
1751                     14.80                  21
1752                     14.93                  18
1753                     14.78                  19
1754                     14.66                  17
1755                     14.71                  16
1756                     14.56                  17
1757                     15.33                  17
1758                     14.84                  16
1759                     14.69                  18
1760                     14.78                  18
1761                     14.76                  18
1762                     14.76                  17
1763                     14.79                  15
1764                     14.77                  14
1765                     14.76                  16
1766                     14.77                  17
1767                     15.09                  16
1768                     14.77                  17
1769                     14.77                  19
1770                     14.64                  20
1771                     14.61                  22
1772                     14.73                  21
1773                     14.67                  19
1774                     14.63                  21
1775                     14.83                  19
1776                     14.79                  20
1777                     14.81                  16
1778                     14.77                  18
1779                     14.82                  17
1780                     14.77                  16
1781                     14.77                  17
1782                     14.77                  16
1783                     14.78                  17
1784                     14.70                  17
1785                     14.66                  16
1786                     14.64                  18
1787                     14.66                  19
1788                     14.65                  18
1789                     14.89                  17
1790                     14.76                  15
1791                     14.78                  17
1792                     14.77                  17
1793                     14.81                  16
1794                     14.91                  16
1795                     14.81                  15
1796                     14.77                  15
1797                     14.97                  15
1798                     14.80                  15
1799                     14.78                  16
