Frame        Inference_Time_ms    Objects_Detected
0                       163.10                  14
1                        30.35                  12
2                        29.35                  12
3                        28.56                  13
4                        28.05                  15
5                        23.21                  15
6                        23.23                  11
7                        23.24                  14
8                        23.18                  13
9                        23.19                  14
10                       23.14                  14
11                       23.22                  14
12                       23.19                  15
13                       18.64                  15
14                       16.12                  14
15                       15.77                  16
16                       15.69                  16
17                       16.18                  16
18                       16.85                  17
19                       16.56                  17
20                       15.96                  14
21                       15.62                  18
22                       15.38                  14
23                       14.65                  15
24                       14.49                  16
25                       14.44                  16
26                       14.30                  14
27                       14.65                  14
28                       14.38                  14
29                       14.33                  17
30                       14.89                  13
31                       15.26                  14
32                       14.59                  14
33                       14.47                  15
34                       14.60                  16
35                       14.38                  15
36                       14.74                  16
37                       14.66                  14
38                       15.30                  15
39                       15.51                  15
40                       14.76                  16
41                       15.04                  14
42                       15.53                  13
43                       15.00                  14
44                       15.69                  14
45                       15.00                  15
46                       15.18                  14
47                       15.01                  13
48                       15.07                  14
49                       15.01                  12
50                       14.97                  14
51                       15.30                  14
52                       15.03                  13
53                       15.41                  15
54                       14.96                  16
55                       14.96                  15
56                       15.07                  15
57                       15.01                  13
58                       15.21                  16
59                       15.06                  16
60                       15.06                  16
61                       14.95                  15
62                       15.47                  16
63                       15.07                  18
64                       15.04                  15
65                       15.00                  16
66                       15.08                  14
67                       15.06                  13
68                       15.14                  14
69                       15.16                  14
70                       15.04                  10
71                       15.63                  10
72                       15.03                  11
73                       14.98                  14
74                       15.36                  14
75                       15.18                  15
76                       15.08                  13
77                       15.15                  15
78                       15.16                  16
79                       15.11                  18
80                       15.05                  14
81                       15.26                  16
82                       15.19                  16
83                       15.18                  18
84                       14.83                  17
85                       14.94                  17
86                       14.75                  15
87                       14.73                  15
88                       14.75                  14
89                       14.74                  18
90                       14.75                  16
91                       14.78                  15
92                       15.56                  16
93                       14.92                  16
94                       14.94                  15
95                       14.77                  17
96                       14.99                  15
97                       15.11                  15
98                       14.82                  15
99                       15.27                  17
100                      14.77                  15
101                      15.27                  16
102                      15.49                  15
103                      14.89                  15
104                      14.84                  16
105                      20.88                  16
106                      22.71                  19
107                      15.89                  21
108                      15.18                  19
109                      27.50                  18
110                      19.44                  16
111                      16.50                  17
112                      14.71                  18
113                      22.92                  13
114                      15.40                  12
115                      15.35                  15
116                      19.97                  14
117                      15.25                  15
118                      14.74                  18
119                      22.58                  19
120                      16.08                  17
121                      28.67                  17
122                      15.68                  16
123                      15.98                  15
124                      15.20                  15
125                      30.76                  15
126                      15.59                  12
127                      14.91                  14
128                      16.22                  15
129                      15.71                  14
130                      15.12                  13
131                      29.46                  15
132                      16.12                  13
133                      15.18                  15
134                      29.30                  15
135                      15.58                  16
136                      15.36                  13
137                      16.03                  14
138                      15.51                  13
139                      15.06                  14
140                      19.76                  13
141                      14.79                  14
142                      14.76                  16
143                      14.71                  15
144                      19.97                  12
145                      14.43                  13
146                      14.47                  16
147                      15.09                  13
148                      14.74                  12
149                      14.46                  12
150                      15.44                  14
151                      15.32                  12
152                      21.52                  15
153                      14.76                  14
154                      15.73                  17
155                      15.42                  14
156                      22.33                  16
157                      14.80                  14
158                      14.65                  12
159                      19.38                  13
160                      15.54                  14
161                      15.95                  14
162                      21.59                  14
163                      14.74                  14
164                      15.30                  15
165                      21.43                  14
166                      15.69                  11
167                      14.98                  13
168                      22.45                  14
169                      14.88                  14
170                      14.81                  15
171                      21.72                  13
172                      15.24                  15
173                      15.49                  15
174                      21.37                  14
175                      14.72                  16
176                      14.51                  13
177                      17.22                  14
178                      15.88                  13
179                      15.20                  15
180                      14.56                  14
181                      15.20                  15
182                      14.78                  15
183                      14.81                  15
184                      25.08                  14
185                      15.15                  15
186                      14.48                  14
187                      20.72                  17
188                      15.03                  16
189                      15.13                  15
190                      22.59                  17
191                      14.75                  17
192                      14.60                  15
193                      26.22                  17
194                      15.56                  17
195                      14.85                  16
196                      14.73                  14
197                      15.92                  14
198                      15.80                  18
199                      15.20                  17
200                      15.03                  14
201                      14.86                  13
202                      14.81                  11
203                      14.46                  11
204                      14.87                  14
205                      14.87                  13
206                      15.08                  12
207                      14.61                  14
208                      14.47                  14
209                      14.39                  12
210                      14.58                  13
211                      15.12                  12
212                      14.68                  12
213                      15.08                  11
214                      15.04                  11
215                      14.71                  13
216                      14.43                  13
217                      14.71                  12
218                      14.75                  12
219                      14.46                  13
220                      14.28                  14
221                      14.55                  16
222                      15.01                  16
223                      14.67                  17
224                      14.31                  17
225                      14.28                  13
226                      14.38                  13
227                      14.84                  13
228                      14.84                  13
229                      14.48                  13
230                      20.24                  13
231                      15.20                  14
232                      15.30                  13
233                      27.19                  14
234                      15.14                  14
235                      15.14                  13
236                      28.93                  17
237                      15.47                  15
238                      15.27                  14
239                      14.86                  12
240                      15.60                  13
241                      14.71                  15
242                      21.14                  14
243                      16.25                  13
244                      16.50                  14
245                      14.90                  13
246                      14.92                  13
247                      14.76                  13
248                      14.73                  14
249                      14.84                  12
250                      15.45                  14
251                      14.72                  13
252                      15.10                  13
253                      15.29                  13
254                      28.44                  14
255                      15.48                  18
256                      15.46                  17
257                      28.20                  18
258                      15.80                  19
259                      15.47                  20
260                      14.71                  20
261                      18.71                  20
262                      16.00                  18
263                      15.10                  20
264                      26.80                  22
265                      15.93                  17
266                      15.39                  18
267                      19.02                  20
268                      17.47                  19
269                      17.28                  21
270                      23.11                  19
271                      16.59                  18
272                      14.95                  18
273                      14.86                  19
274                      28.62                  18
275                      17.03                  17
276                      16.15                  18
277                      15.69                  16
278                      16.31                  15
279                      15.06                  17
280                      26.06                  18
281                      16.56                  17
282                      26.22                  20
283                      19.81                  20
284                      15.56                  20
285                      15.47                  20
286                      29.96                  22
287                      15.95                  21
288                      15.09                  20
289                      28.90                  21
290                      16.06                  22
291                      15.61                  21
292                      22.61                  17
293                      15.06                  17
294                      14.57                  20
295                      14.38                  15
296                      15.51                  18
297                      15.23                  17
298                      15.34                  23
299                      15.29                  21
300                      14.46                  21
301                      20.46                  21
302                      15.87                  21
303                      15.53                  20
304                      22.06                  23
305                      15.28                  22
306                      15.10                  20
307                      14.83                  20
308                      15.70                  19
309                      15.25                  21
310                      21.69                  20
311                      15.48                  19
312                      16.60                  20
313                      15.10                  22
314                      20.70                  21
315                      14.74                  22
316                      14.74                  23
317                      21.75                  24
318                      15.96                  23
319                      16.02                  24
320                      22.59                  22
321                      15.72                  21
322                      14.87                  22
323                      14.90                  22
324                      26.52                  21
325                      16.15                  21
326                      16.04                  21
327                      39.48                  21
328                      16.16                  22
329                      14.94                  22
330                      31.45                  23
331                      16.25                  25
332                      14.97                  24
333                      30.93                  22
334                      17.22                  22
335                      16.31                  23
336                      29.26                  20
337                      20.13                  24
338                      17.17                  22
339                      16.69                  20
340                      28.56                  23
341                      15.42                  18
342                      15.01                  21
343                      30.50                  19
344                      15.20                  14
345                      14.72                  17
346                      35.87                  19
347                      16.07                  21
348                      15.48                  21
349                      24.95                  20
350                      17.58                  21
351                      34.18                  18
352                      16.62                  18
353                      16.32                  18
354                      16.67                  19
355                      23.77                  18
356                      15.17                  18
357                      14.79                  16
358                      22.29                  17
359                      15.58                  19
360                      14.74                  17
361                      21.70                  16
362                      15.56                  17
363                      14.85                  18
364                      22.00                  17
365                      15.35                  16
366                      15.03                  17
367                      28.14                  17
368                      16.53                  16
369                      15.60                  20
370                      25.64                  20
371                      15.28                  19
372                      15.05                  22
373                      15.93                  24
374                      24.30                  24
375                      15.87                  23
376                      14.87                  21
377                      28.02                  20
378                      15.68                  22
379                      14.79                  19
380                      15.25                  20
381                      15.33                  20
382                      14.72                  17
383                      15.28                  19
384                      14.69                  19
385                      15.34                  20
386                      17.21                  19
387                      15.37                  19
388                      14.96                  17
389                      15.18                  20
390                      14.89                  20
391                      15.90                  19
392                      15.94                  20
393                      15.17                  20
394                      15.27                  19
395                      14.86                  19
396                      21.73                  23
397                      14.89                  20
398                      15.53                  19
399                      15.25                  20
400                      15.32                  20
401                      15.48                  20
402                      20.03                  20
403                      15.71                  16
404                      15.10                  19
405                      21.84                  18
406                      15.55                  16
407                      14.70                  17
408                      22.02                  19
409                      15.17                  18
410                      14.71                  17
411                      22.23                  14
412                      14.84                  20
413                      15.31                  16
414                      19.26                  22
415                      15.47                  20
416                      15.32                  19
417                      14.93                  20
418                      23.86                  17
419                      15.59                  19
420                      15.11                  20
421                      15.27                  19
422                      15.05                  18
423                      15.65                  21
424                      30.94                  19
425                      15.43                  15
426                      14.89                  17
427                      28.46                  18
428                      15.37                  18
429                      14.87                  21
430                      16.53                  16
431                      15.67                  21
432                      15.40                  20
433                      22.75                  20
434                      15.74                  22
435                      15.51                  19
436                      15.08                  19
437                      17.42                  19
438                      16.06                  18
439                      14.81                  15
440                      15.43                  18
441                      14.71                  17
442                      28.76                  20
443                      15.59                  21
444                      14.50                  23
445                      29.52                  20
446                      16.50                  20
447                      17.68                  21
448                      16.96                  18
449                      23.70                  20
450                      15.52                  19
451                      14.65                  19
452                      17.33                  16
453                      14.72                  17
454                      14.67                  17
455                      14.67                  20
456                      14.87                  17
457                      14.70                  19
458                      14.93                  18
459                      14.83                  20
460                      14.74                  19
461                      14.77                  20
462                      14.94                  19
463                      15.54                  24
464                      14.66                  23
465                      22.07                  24
466                      16.01                  22
467                      14.72                  25
468                      14.61                  21
469                      14.88                  26
470                      14.67                  22
471                      16.79                  23
472                      14.91                  22
473                      15.03                  25
474                      14.70                  23
475                      14.92                  23
476                      14.77                  26
477                      14.61                  21
478                      14.71                  24
479                      14.80                  23
480                      15.17                  24
481                      21.91                  21
482                      16.93                  21
483                      16.05                  26
484                      40.82                  21
485                      16.30                  24
486                      16.09                  20
487                      28.29                  24
488                      16.01                  19
489                      15.21                  20
490                      14.93                  21
491                      17.07                  23
492                      17.28                  21
493                      27.87                  22
494                      17.26                  21
495                      17.56                  17
496                      17.26                  19
497                      26.02                  19
498                      15.44                  19
499                      15.38                  19
500                      17.27                  20
501                      16.44                  20
502                      17.08                  20
503                      36.38                  17
504                      16.39                  18
505                      15.26                  19
506                      36.67                  18
507                      15.97                  18
508                      15.77                  17
509                      15.12                  18
510                      29.95                  17
511                      15.93                  22
512                      15.16                  20
513                      34.87                  20
514                      16.40                  21
515                      15.71                  21
516                      33.58                  21
517                      16.07                  23
518                      15.22                  21
519                      31.44                  19
520                      17.48                  23
521                      17.80                  19
522                      16.82                  19
523                      25.82                  22
524                      16.37                  20
525                      15.97                  20
526                      37.91                  21
527                      16.25                  18
528                      15.90                  19
529                      35.81                  19
530                      16.56                  19
531                      16.78                  20
532                      30.78                  21
533                      16.56                  20
534                      15.32                  19
535                      33.98                  20
536                      16.39                  20
537                      16.95                  19
538                      27.07                  19
539                      29.55                  18
540                      17.08                  17
541                      15.45                  17
542                      33.22                  18
543                      16.60                  22
544                      15.97                  19
545                      33.91                  20
546                      16.66                  18
547                      16.50                  21
548                      32.83                  21
549                      22.32                  22
550                      17.11                  25
551                      30.32                  17
552                      23.82                  17
553                      16.56                  18
554                      31.37                  16
555                      23.97                  16
556                      17.41                  18
557                      15.51                  18
558                      31.75                  17
559                      15.54                  18
560                      30.56                  17
561                      23.82                  16
562                      16.75                  16
563                      15.38                  16
564                      30.29                  15
565                      16.56                  15
566                      15.48                  16
567                      28.90                  16
568                      16.85                  17
569                      30.55                  18
570                      17.45                  18
571                      18.19                  20
572                      31.69                  19
573                      30.84                  19
574                      16.86                  17
575                      16.56                  18
576                      23.02                  19
577                      15.87                  17
578                      15.03                  18
579                      22.15                  17
580                      15.29                  17
581                      15.89                  17
582                      21.53                  15
583                      14.67                  15
584                      14.93                  17
585                      14.61                  19
586                      14.48                  18
587                      14.54                  17
588                      14.74                  16
589                      17.22                  15
590                      15.14                  16
591                      14.57                  15
592                      21.07                  16
593                      15.91                  16
594                      14.78                  17
595                      15.20                  17
596                      14.89                  17
597                      15.14                  16
598                      14.69                  16
599                      15.02                  16
600                      16.27                  16
601                      22.74                  15
602                      15.02                  17
603                      15.06                  16
604                      15.07                  16
605                      14.72                  17
606                      14.86                  16
607                      16.31                  15
608                      14.94                  16
609                      14.84                  15
610                      14.65                  16
611                      14.89                  17
612                      14.80                  17
613                      14.71                  18
614                      14.62                  18
615                      14.71                  16
616                      14.82                  17
617                      15.30                  17
618                      14.56                  18
619                      14.55                  18
620                      14.69                  18
621                      14.82                  19
622                      14.90                  19
623                      14.96                  18
624                      15.77                  21
625                      14.87                  19
626                      14.54                  20
627                      14.62                  21
628                      15.26                  21
629                      15.45                  20
630                      14.54                  19
631                      15.26                  19
632                      14.92                  17
633                      14.94                  18
634                      14.63                  17
635                      14.59                  14
636                      14.66                  15
637                      14.67                  16
638                      29.14                  17
639                      15.26                  16
640                      14.90                  18
641                      26.47                  17
642                      16.63                  16
643                      16.41                  18
644                      27.81                  18
645                      15.56                  18
646                      15.09                  16
647                      14.73                  18
648                      21.61                  18
649                      15.44                  18
650                      15.80                  21
651                      15.94                  22
652                      16.06                  21
653                      16.82                  21
654                      24.53                  21
655                      15.20                  20
656                      32.62                  18
657                      16.07                  17
658                      18.02                  18
659                      17.64                  19
660                      32.60                  19
661                      15.94                  19
662                      16.06                  22
663                      29.02                  20
664                      16.13                  21
665                      16.35                  19
666                      29.02                  20
667                      15.40                  20
668                      15.39                  21
669                      15.34                  21
670                      16.16                  20
671                      15.87                  20
672                      14.70                  19
673                      15.97                  20
674                      16.59                  21
675                      15.05                  21
676                      15.73                  20
677                      14.77                  18
678                      14.87                  19
679                      20.37                  22
680                      16.86                  22
681                      15.20                  22
682                      23.07                  22
683                      15.28                  21
684                      14.66                  21
685                      21.79                  22
686                      15.99                  21
687                      14.97                  20
688                      21.85                  19
689                      15.39                  21
690                      14.70                  19
691                      23.71                  19
692                      15.19                  17
693                      14.86                  19
694                      14.87                  19
695                      15.83                  19
696                      15.84                  18
697                      20.06                  19
698                      15.05                  18
699                      15.37                  19
700                      30.42                  20
701                      15.71                  21
702                      15.40                  21
703                      15.21                  20
704                      16.16                  20
705                      15.91                  22
706                      36.83                  19
707                      16.26                  23
708                      16.18                  24
709                      15.68                  23
710                      29.20                  22
711                      15.66                  22
712                      15.58                  23
713                      30.70                  22
714                      16.12                  25
715                      15.39                  24
716                      24.99                  23
717                      15.91                  22
718                      14.74                  19
719                      25.42                  22
720                      16.48                  22
721                      15.27                  23
722                      29.06                  24
723                      16.35                  25
724                      16.18                  23
725                      34.86                  26
726                      16.07                  22
727                      16.14                  25
728                      16.11                  24
729                      15.53                  23
730                      15.52                  26
731                      17.51                  24
732                      31.13                  18
733                      15.03                  18
734                      14.95                  21
735                      21.03                  24
736                      17.01                  21
737                      16.90                  18
738                      30.88                  21
739                      15.60                  19
740                      15.00                  19
741                      29.65                  20
742                      16.00                  19
743                      15.84                  20
744                      32.39                  19
745                      15.37                  16
746                      15.62                  19
747                      27.22                  17
748                      16.60                  19
749                      16.98                  24
750                      24.67                  23
751                      16.30                  22
752                      16.51                  21
753                      18.01                  20
754                      31.87                  22
755                      16.55                  20
756                      15.14                  20
757                      27.55                  20
758                      16.78                  15
759                      15.96                  19
760                      15.60                  17
761                      27.53                  18
762                      15.86                  17
763                      15.04                  20
764                      17.60                  20
765                      17.79                  21
766                      17.25                  23
767                      36.91                  22
768                      16.24                  21
769                      14.86                  17
770                      36.52                  20
771                      16.04                  17
772                      16.09                  19
773                      32.67                  16
774                      16.41                  18
775                      16.19                  15
776                      22.36                  19
777                      17.69                  19
778                      15.92                  19
779                      38.21                  21
780                      16.68                  20
781                      16.38                  18
782                      29.07                  18
783                      16.62                  17
784                      16.36                  20
785                      15.52                  19
786                      22.76                  17
787                      17.34                  19
788                      29.37                  19
789                      22.14                  19
790                      16.10                  20
791                      15.06                  19
792                      36.08                  16
793                      15.80                  17
794                      16.26                  17
795                      14.92                  17
796                      14.71                  19
797                      15.00                  17
798                      14.73                  18
799                      14.84                  15
800                      15.41                  18
801                      14.67                  18
802                      14.91                  18
803                      15.00                  21
804                      14.75                  19
805                      14.48                  20
806                      14.99                  20
807                      14.67                  18
808                      14.51                  19
809                      16.16                  18
810                      16.71                  19
811                      15.17                  20
812                      15.40                  17
813                      14.56                  16
814                      14.35                  19
815                      14.77                  17
816                      14.40                  21
817                      14.39                  22
818                      14.94                  22
819                      14.47                  21
820                      14.39                  20
821                      14.67                  22
822                      15.06                  26
823                      14.86                  23
824                      14.68                  23
825                      21.58                  24
826                      15.03                  24
827                      14.71                  23
828                      19.86                  21
829                      14.50                  21
830                      14.50                  22
831                      21.70                  22
832                      14.79                  20
833                      15.28                  19
834                      22.10                  16
835                      14.86                  19
836                      14.85                  20
837                      14.81                  21
838                      15.23                  19
839                      14.49                  19
840                      21.54                  18
841                      15.29                  18
842                      15.25                  18
843                      21.44                  17
844                      16.04                  17
845                      16.73                  19
846                      15.26                  20
847                      15.28                  18
848                      15.22                  19
849                      14.77                  23
850                      23.60                  21
851                      14.99                  20
852                      14.79                  19
853                      19.46                  17
854                      15.12                  17
855                      15.37                  16
856                      26.88                  17
857                      16.41                  19
858                      16.21                  21
859                      15.86                  23
860                      28.01                  23
861                      15.54                  22
862                      15.03                  22
863                      26.83                  22
864                      16.12                  22
865                      16.41                  22
866                      30.99                  23
867                      15.54                  21
868                      15.59                  22
869                      31.15                  20
870                      15.32                  20
871                      15.12                  21
872                      20.28                  19
873                      17.62                  22
874                      17.89                  22
875                      32.46                  20
876                      14.78                  22
877                      15.16                  24
878                      33.66                  21
879                      16.89                  23
880                      15.57                  23
881                      16.12                  24
882                      17.24                  22
883                      15.54                  23
884                      28.92                  23
885                      16.39                  21
886                      17.92                  20
887                      17.20                  21
888                      35.80                  19
889                      16.87                  21
890                      16.20                  21
891                      26.19                  21
892                      17.94                  20
893                      17.51                  21
894                      33.31                  21
895                      15.94                  22
896                      15.64                  20
897                      15.33                  21
898                      34.00                  20
899                      16.02                  18
900                      15.54                  21
901                      27.01                  22
902                      18.53                  20
903                      34.31                  19
904                      21.12                  19
905                      17.47                  19
906                      17.03                  20
907                      31.34                  19
908                      17.60                  22
909                      16.34                  20
910                      16.28                  21
911                      25.43                  22
912                      15.43                  22
913                      39.38                  22
914                      17.16                  23
915                      17.54                  22
916                      17.46                  22
917                      33.17                  23
918                      16.05                  20
919                      15.08                  18
920                      26.00                  16
921                      17.83                  16
922                      17.74                  16
923                      34.40                  17
924                      17.26                  17
925                      27.62                  18
926                      29.24                  20
927                      17.24                  19
928                      17.21                  19
929                      33.00                  21
930                      24.31                  23
931                      17.27                  21
932                      31.39                  20
933                      24.18                  22
934                      17.54                  20
935                      16.39                  21
936                      38.52                  19
937                      16.61                  17
938                      15.64                  21
939                      34.54                  19
940                      17.51                  20
941                      15.61                  17
942                      43.48                  19
943                      16.98                  17
944                      16.30                  15
945                      30.21                  13
946                      28.13                  13
947                      17.01                  12
948                      15.76                  12
949                      27.38                  12
950                      16.74                  16
951                      38.54                  16
952                      16.87                  13
953                      17.42                  13
954                      17.52                  11
955                      37.89                  13
956                      15.70                  12
957                      15.27                  13
958                      34.59                  11
959                      16.94                  11
960                      16.28                  13
961                      27.25                  12
962                      17.47                  13
963                      17.51                  14
964                      17.00                  12
965                      27.43                  13
966                      16.12                  15
967                      15.58                  14
968                      32.24                  13
969                      16.25                  12
970                      15.57                  13
971                      38.22                  13
972                      16.48                  14
973                      15.74                  12
974                      35.92                  14
975                      16.22                  15
976                      15.85                  15
977                      30.12                  15
978                      24.55                  13
979                      17.01                  14
980                      28.73                  12
981                      16.71                  12
982                      17.50                  12
983                      31.60                  13
984                      15.68                  14
985                      15.28                  13
986                      29.11                  13
987                      15.93                  14
988                      16.57                  14
989                      15.44                  13
990                      26.88                  12
991                      17.49                  12
992                      16.52                  13
993                      25.08                  13
994                      17.06                  13
995                      16.00                  14
996                      30.52                  14
997                      15.72                  12
998                      15.73                  13
999                      30.04                  14
1000                     15.66                  17
1001                     15.10                  15
1002                     15.66                  15
1003                     18.74                  15
1004                     16.55                  16
1005                     15.79                  16
1006                     16.52                  14
1007                     17.09                  14
1008                     15.33                  15
1009                     28.86                  14
1010                     16.28                  16
1011                     15.09                  17
1012                     31.84                  16
1013                     16.07                  17
1014                     16.14                  16
1015                     29.42                  15
1016                     15.75                  15
1017                     15.20                  16
1018                     30.32                  15
1019                     15.75                  14
1020                     14.96                  14
1021                     17.50                  13
1022                     16.27                  14
1023                     15.77                  13
1024                     31.08                  12
1025                     16.91                  14
1026                     16.46                  14
1027                     15.34                  15
1028                     15.00                  16
1029                     15.28                  16
1030                     15.38                  16
1031                     21.58                  13
1032                     15.44                  13
1033                     26.28                  13
1034                     17.05                  13
1035                     17.62                  13
1036                     17.44                  15
1037                     33.90                  14
1038                     16.51                  16
1039                     15.11                  14
1040                     30.16                  16
1041                     16.36                  14
1042                     15.79                  13
1043                     14.91                  16
1044                     20.86                  14
1045                     14.99                  15
1046                     23.16                  14
1047                     15.78                  14
1048                     15.57                  14
1049                     15.12                  13
1050                     18.52                  11
1051                     15.31                  13
1052                     14.74                  10
1053                     22.34                  14
1054                     15.81                  13
1055                     14.81                  12
1056                     16.19                  13
1057                     14.91                  17
1058                     15.50                  15
1059                     15.47                  16
1060                     23.14                  16
1061                     15.30                  16
1062                     14.63                  14
1063                     15.86                  14
1064                     15.54                  14
1065                     14.68                  17
1066                     14.60                  15
1067                     15.89                  14
1068                     14.78                  14
1069                     21.61                  11
1070                     15.78                  14
1071                     15.67                  13
1072                     15.54                  12
1073                     23.67                  13
1074                     15.17                  14
1075                     15.17                  12
1076                     15.52                  18
1077                     15.78                  18
1078                     15.90                  17
1079                     22.59                  15
1080                     16.29                  16
1081                     14.94                  18
1082                     15.28                  14
1083                     15.07                  12
1084                     14.69                  11
1085                     16.46                  13
1086                     15.02                  11
1087                     14.58                  17
1088                     14.41                  17
1089                     16.68                  17
1090                     15.96                  19
1091                     14.89                  19
1092                     21.86                  17
1093                     15.28                  19
1094                     15.44                  20
1095                     14.93                  21
1096                     15.91                  18
1097                     14.67                  16
1098                     22.49                  18
1099                     15.21                  16
1100                     14.90                  17
1101                     15.58                  17
1102                     16.23                  15
1103                     15.25                  16
1104                     15.21                  17
1105                     14.95                  16
1106                     15.25                  17
1107                     21.96                  16
1108                     14.95                  17
1109                     15.04                  17
1110                     15.19                  17
1111                     37.49                  16
1112                     15.55                  16
1113                     15.94                  21
1114                     38.01                  17
1115                     16.63                  17
1116                     15.80                  16
1117                     15.33                  17
1118                     17.74                  17
1119                     15.49                  14
1120                     26.86                  13
1121                     21.37                  16
1122                     17.84                  14
1123                     34.49                  13
1124                     16.43                  13
1125                     17.02                  14
1126                     15.81                  15
1127                     24.11                  14
1128                     17.50                  15
1129                     16.43                  12
1130                     28.05                  15
1131                     17.58                  14
1132                     16.03                  14
1133                     22.05                  13
1134                     17.00                  15
1135                     17.15                  17
1136                     34.78                  15
1137                     16.37                  13
1138                     16.18                  16
1139                     27.83                  16
1140                     16.41                  17
1141                     16.53                  18
1142                     29.84                  15
1143                     16.09                  15
1144                     14.86                  17
1145                     29.16                  17
1146                     16.10                  17
1147                     16.10                  17
1148                     15.57                  15
1149                     26.62                  20
1150                     16.22                  14
1151                     15.54                  14
1152                     17.80                  17
1153                     16.34                  15
1154                     16.13                  15
1155                     26.99                  13
1156                     15.91                  13
1157                     15.48                  14
1158                     25.82                  15
1159                     20.84                  16
1160                     16.88                  17
1161                     15.39                  18
1162                     16.54                  14
1163                     16.35                  14
1164                     15.49                  12
1165                     24.67                  13
1166                     16.00                  14
1167                     15.37                  16
1168                     31.53                  16
1169                     16.77                  14
1170                     14.84                  14
1171                     30.24                  15
1172                     16.89                  16
1173                     16.33                  15
1174                     15.25                  18
1175                     37.59                  18
1176                     17.24                  20
1177                     15.92                  16
1178                     40.51                  18
1179                     17.06                  19
1180                     16.53                  17
1181                     40.57                  17
1182                     16.81                  17
1183                     16.41                  18
1184                     34.39                  15
1185                     16.82                  17
1186                     16.62                  15
1187                     16.51                  16
1188                     32.63                  15
1189                     15.46                  16
1190                     19.67                  15
1191                     36.42                  13
1192                     17.39                  12
1193                     16.93                  13
1194                     32.43                  11
1195                     17.19                  12
1196                     16.73                  12
1197                     37.45                  13
1198                     21.71                  12
1199                     16.88                  14
1200                     15.75                  14
1201                     31.41                  12
1202                     16.98                  13
1203                     32.63                  11
1204                     23.83                  12
1205                     17.19                  11
1206                     29.20                  12
1207                     16.22                  14
1208                     15.66                  12
1209                     14.81                  14
1210                     15.93                  14
1211                     15.42                  15
1212                     15.20                  16
1213                     15.56                  14
1214                     16.82                  15
1215                     21.60                  16
1216                     15.14                  16
1217                     15.67                  16
1218                     15.88                  16
1219                     23.81                  15
1220                     15.26                  17
1221                     15.04                  19
1222                     14.94                  16
1223                     16.35                  16
1224                     16.58                  16
1225                     14.88                  17
1226                     16.15                  14
1227                     15.36                  16
1228                     15.54                  14
1229                     16.52                  14
1230                     14.91                  13
1231                     15.93                  13
1232                     15.51                  14
1233                     15.09                  14
1234                     14.88                  15
1235                     15.59                  15
1236                     14.58                  14
1237                     14.82                  15
1238                     15.02                  17
1239                     15.44                  18
1240                     15.68                  16
1241                     19.45                  13
1242                     14.92                  15
1243                     14.52                  13
1244                     15.09                  13
1245                     14.94                  16
1246                     15.94                  15
1247                     17.44                  14
1248                     14.53                  13
1249                     14.69                  13
1250                     14.83                  14
1251                     15.04                  14
1252                     16.46                  15
1253                     14.82                  15
1254                     14.64                  15
1255                     16.08                  14
1256                     14.85                  13
1257                     14.59                  13
1258                     16.36                  18
1259                     15.12                  15
1260                     14.73                  16
1261                     14.48                  15
1262                     22.84                  15
1263                     15.10                  13
1264                     15.46                  15
1265                     15.14                  13
1266                     15.34                  12
1267                     15.14                  12
1268                     14.81                  15
1269                     37.15                  15
1270                     17.38                  13
1271                     16.75                  12
1272                     38.68                  12
1273                     17.33                  14
1274                     16.65                  14
1275                     32.17                  14
1276                     17.14                  14
1277                     16.98                  15
1278                     32.42                  15
1279                     28.05                  13
1280                     16.47                  15
1281                     28.74                  13
1282                     27.70                  17
1283                     17.10                  14
1284                     30.09                  16
1285                     25.17                  14
1286                     17.73                  14
1287                     16.99                  15
1288                     21.11                  17
1289                     17.75                  17
1290                     21.99                  15
1291                     39.54                  16
1292                     17.12                  15
1293                     16.28                  15
1294                     37.47                  13
1295                     18.86                  13
1296                     16.68                  15
1297                     40.11                  15
1298                     17.14                  13
1299                     17.77                  16
1300                     35.12                  15
1301                     18.75                  17
1302                     17.47                  18
1303                     17.30                  19
1304                     25.65                  19
1305                     17.19                  17
1306                     27.91                  19
1307                     29.97                  17
1308                     17.94                  16
1309                     17.59                  17
1310                     41.24                  15
1311                     17.18                  15
1312                     17.59                  16
1313                     36.31                  14
1314                     17.22                  14
1315                     16.36                  17
1316                     39.22                  15
1317                     17.09                  16
1318                     17.03                  17
1319                     35.94                  17
1320                     20.63                  15
1321                     15.41                  15
1322                     38.28                  14
1323                     19.79                  13
1324                     17.03                  13
1325                     16.06                  13
1326                     33.15                  12
1327                     17.36                  13
1328                     16.51                  14
1329                     35.19                  15
1330                     24.57                  12
1331                     16.05                  15
1332                     24.90                  15
1333                     15.00                  15
1334                     14.78                  17
1335                     19.07                  17
1336                     16.13                  17
1337                     16.99                  15
1338                     22.13                  15
1339                     16.00                  16
1340                     15.15                  14
1341                     15.07                  14
1342                     16.28                  16
1343                     16.29                  16
1344                     14.96                  17
1345                     15.32                  13
1346                     14.81                  15
1347                     22.66                  16
1348                     16.02                  14
1349                     15.39                  14
1350                     14.79                  13
1351                     20.99                  12
1352                     14.79                  15
1353                     15.12                  12
1354                     21.97                  13
1355                     16.41                  14
1356                     15.18                  16
1357                     14.94                  12
1358                     16.42                  14
1359                     15.38                  14
1360                     22.47                  15
1361                     15.62                  13
1362                     15.27                  15
1363                     15.13                  15
1364                     16.33                  14
1365                     15.76                  12
1366                     15.15                  13
1367                     28.92                  12
1368                     15.93                  12
1369                     27.57                  15
1370                     21.19                  16
1371                     18.02                  14
1372                     17.07                  13
1373                     32.50                  11
1374                     15.67                  11
1375                     15.26                  15
1376                     18.80                  12
1377                     17.76                  13
1378                     15.75                  13
1379                     32.22                  14
1380                     16.15                  16
1381                     14.86                  16
1382                     26.19                  15
1383                     15.05                  15
1384                     14.94                  15
1385                     15.01                  16
1386                     26.60                  16
1387                     17.18                  16
1388                     31.49                  17
1389                     16.42                  15
1390                     15.49                  14
1391                     29.46                  14
1392                     19.59                  15
1393                     17.16                  17
1394                     16.34                  15
1395                     19.12                  14
1396                     17.58                  14
1397                     17.91                  16
1398                     31.65                  14
1399                     15.63                  16
1400                     14.83                  15
1401                     32.03                  13
1402                     17.67                  13
1403                     17.89                  14
1404                     16.95                  14
1405                     16.60                  14
1406                     15.86                  13
1407                     16.01                  15
1408                     33.86                  13
1409                     16.89                  14
1410                     16.49                  14
1411                     30.49                  13
1412                     17.10                  11
1413                     18.42                  13
1414                     30.29                  14
1415                     16.22                  13
1416                     15.49                  14
1417                     30.49                  13
1418                     16.57                  13
1419                     16.68                  13
1420                     15.60                  14
1421                     16.92                  14
1422                     16.55                  15
1423                     15.57                  16
1424                     24.97                  16
1425                     16.77                  16
1426                     15.35                  14
1427                     31.16                  13
1428                     16.70                  13
1429                     14.96                  15
1430                     29.99                  15
1431                     17.32                  13
1432                     15.61                  16
1433                     16.14                  14
1434                     16.56                  14
1435                     15.21                  14
1436                     26.41                  15
1437                     17.37                  16
1438                     16.09                  14
1439                     15.96                  12
1440                     26.19                  12
1441                     15.82                  12
1442                     14.67                  14
1443                     25.62                  13
1444                     14.66                  13
1445                     14.57                  11
1446                     19.10                  12
1447                     17.26                  13
1448                     16.15                  16
1449                     23.85                  12
1450                     16.47                  13
1451                     15.73                  13
1452                     27.15                  11
1453                     16.53                  13
1454                     15.78                  16
1455                     30.11                  17
1456                     16.17                  17
1457                     15.74                  18
1458                     18.01                  18
1459                     25.30                  19
1460                     16.45                  19
1461                     33.09                  20
1462                     23.20                  21
1463                     18.25                  20
1464                     16.82                  19
1465                     31.97                  18
1466                     16.58                  17
1467                     35.45                  19
1468                     18.48                  20
1469                     17.56                  19
1470                     29.72                  20
1471                     27.17                  19
1472                     17.70                  19
1473                     17.45                  19
1474                     19.20                  17
1475                     17.81                  15
1476                     17.25                  16
1477                     37.37                  17
1478                     16.80                  17
1479                     16.04                  18
1480                     15.63                  17
1481                     32.91                  19
1482                     15.57                  20
1483                     14.92                  21
1484                     21.12                  17
1485                     18.02                  17
1486                     17.66                  19
1487                     42.14                  21
1488                     16.51                  22
1489                     14.98                  20
1490                     14.67                  20
1491                     14.81                  21
1492                     14.62                  17
1493                     14.44                  18
1494                     14.81                  18
1495                     14.69                  16
1496                     14.57                  18
1497                     14.54                  18
1498                     15.16                  21
1499                     14.73                  20
1500                     14.69                  21
1501                     14.90                  21
1502                     15.85                  21
1503                     15.58                  20
1504                     14.77                  21
1505                     15.26                  22
1506                     14.93                  20
1507                     14.88                  20
1508                     15.54                  20
1509                     15.02                  20
1510                     15.10                  21
1511                     15.79                  19
1512                     15.22                  20
1513                     14.97                  23
1514                     15.36                  23
1515                     15.20                  23
1516                     15.64                  22
1517                     15.22                  23
1518                     15.37                  23
1519                     15.02                  23
1520                     35.18                  22
1521                     17.89                  23
1522                     17.84                  22
1523                     40.48                  21
1524                     17.15                  21
1525                     16.34                  19
1526                     36.39                  21
1527                     22.00                  23
1528                     17.46                  24
1529                     28.10                  24
1530                     18.23                  22
1531                     17.17                  22
1532                     46.55                  24
1533                     16.77                  23
1534                     16.23                  23
1535                     16.00                  21
1536                     40.47                  23
1537                     17.39                  21
1538                     16.91                  20
1539                     41.46                  25
1540                     18.95                  22
1541                     16.37                  19
1542                     40.77                  18
1543                     16.80                  17
1544                     27.05                  18
1545                     30.56                  19
1546                     17.81                  20
1547                     31.49                  19
1548                     35.16                  21
1549                     17.44                  21
1550                     16.98                  21
1551                     36.70                  18
1552                     17.15                  21
1553                     17.63                  17
1554                     17.87                  18
1555                     38.22                  19
1556                     16.82                  17
1557                     15.88                  17
1558                     31.13                  19
1559                     16.39                  19
1560                     16.75                  17
1561                     32.66                  18
1562                     17.79                  18
1563                     17.74                  19
1564                     36.12                  16
1565                     16.84                  19
1566                     17.80                  17
1567                     31.79                  16
1568                     25.32                  18
1569                     17.83                  20
1570                     17.53                  20
1571                     41.78                  19
1572                     16.29                  21
1573                     15.54                  21
1574                     38.49                  23
1575                     16.37                  24
1576                     15.89                  22
1577                     34.14                  24
1578                     16.65                  22
1579                     16.50                  20
1580                     35.49                  19
1581                     16.90                  22
1582                     16.70                  22
1583                     21.24                  20
1584                     17.13                  19
1585                     17.56                  16
1586                     17.65                  16
1587                     24.68                  16
1588                     16.86                  19
1589                     15.68                  19
1590                     39.51                  19
1591                     17.74                  19
1592                     17.18                  19
1593                     38.68                  21
1594                     16.94                  18
1595                     17.72                  20
1596                     31.61                  22
1597                     16.02                  21
1598                     15.77                  20
1599                     27.06                  20
1600                     30.49                  19
1601                     17.40                  20
1602                     15.86                  18
1603                     28.16                  18
1604                     18.49                  18
1605                     16.47                  18
1606                     33.85                  15
1607                     17.59                  16
1608                     16.69                  18
1609                     30.29                  19
1610                     18.45                  20
1611                     18.06                  18
1612                     41.93                  20
1613                     16.60                  17
1614                     16.30                  17
1615                     15.56                  20
1616                     15.16                  17
1617                     14.72                  20
1618                     15.29                  19
1619                     14.57                  19
1620                     15.28                  21
1621                     15.51                  17
1622                     15.23                  19
1623                     16.17                  17
1624                     15.30                  16
1625                     15.26                  15
1626                     15.21                  14
1627                     15.14                  18
1628                     15.24                  17
1629                     15.18                  18
1630                     15.20                  15
1631                     15.16                  20
1632                     15.11                  19
1633                     15.18                  24
1634                     15.21                  23
1635                     15.32                  20
1636                     15.25                  22
1637                     15.22                  17
1638                     15.12                  18
1639                     15.10                  17
1640                     15.63                  20
1641                     15.29                  17
1642                     15.39                  21
1643                     15.38                  21
1644                     16.73                  22
1645                     15.67                  21
1646                     15.56                  24
1647                     15.51                  21
1648                     32.68                  19
1649                     16.31                  22
1650                     15.38                  19
1651                     15.22                  18
1652                     17.72                  19
1653                     16.00                  18
1654                     15.82                  17
1655                     17.76                  20
1656                     17.89                  18
1657                     29.58                  19
1658                     16.41                  20
1659                     15.36                  18
1660                     33.04                  18
1661                     17.04                  18
1662                     16.66                  15
1663                     15.25                  22
1664                     22.64                  23
1665                     17.27                  22
1666                     15.72                  22
1667                     27.80                  24
1668                     16.46                  21
1669                     15.76                  21
1670                     15.69                  25
1671                     17.64                  22
1672                     15.92                  27
1673                     27.67                  25
1674                     16.05                  25
1675                     16.22                  23
1676                     28.13                  24
1677                     17.32                  23
1678                     18.42                  24
1679                     17.57                  22
1680                     34.61                  22
1681                     15.71                  21
1682                     15.36                  23
1683                     30.09                  25
1684                     17.93                  22
1685                     17.86                  22
1686                     31.24                  21
1687                     16.55                  20
1688                     16.46                  20
1689                     16.85                  21
1690                     26.56                  21
1691                     15.94                  23
1692                     15.18                  19
1693                     16.70                  19
1694                     17.59                  21
1695                     29.77                  19
1696                     17.17                  19
1697                     17.85                  18
1698                     17.26                  20
1699                     33.69                  19
1700                     16.30                  20
1701                     16.11                  19
1702                     28.36                  18
1703                     16.61                  17
1704                     15.49                  19
1705                     31.91                  16
1706                     17.13                  18
1707                     17.93                  19
1708                     15.76                  18
1709                     26.93                  17
1710                     16.71                  20
1711                     16.23                  20
1712                     29.55                  19
1713                     15.82                  21
1714                     15.11                  22
1715                     20.32                  22
1716                     17.00                  21
1717                     17.15                  21
1718                     15.36                  20
1719                     16.43                  20
1720                     16.29                  22
1721                     29.34                  21
1722                     15.98                  18
1723                     16.01                  21
1724                     14.78                  21
1725                     23.03                  22
1726                     16.23                  21
1727                     14.96                  19
1728                     30.69                  20
1729                     16.67                  20
1730                     15.71                  21
1731                     30.15                  19
1732                     16.26                  21
1733                     16.50                  19
1734                     26.06                  20
1735                     17.81                  19
1736                     16.69                  19
1737                     15.80                  18
1738                     23.56                  18
1739                     15.07                  18
1740                     15.09                  18
1741                     37.93                  19
1742                     16.47                  20
1743                     15.70                  21
1744                     31.37                  22
1745                     16.96                  22
1746                     15.85                  21
1747                     32.56                  24
1748                     16.99                  25
1749                     16.54                  22
1750                     30.06                  24
1751                     17.13                  21
1752                     17.06                  18
1753                     17.12                  19
1754                     30.79                  17
1755                     16.33                  16
1756                     15.92                  17
1757                     30.04                  17
1758                     17.48                  16
1759                     15.29                  18
1760                     38.05                  18
1761                     17.04                  18
1762                     17.70                  17
1763                     20.04                  15
1764                     23.07                  14
1765                     16.19                  16
1766                     15.93                  17
1767                     16.71                  16
1768                     16.64                  17
1769                     17.87                  19
1770                     16.36                  20
1771                     16.40                  22
1772                     29.08                  21
1773                     17.70                  19
1774                     18.15                  21
1775                     16.00                  19
1776                     25.89                  20
1777                     15.40                  16
1778                     15.24                  18
1779                     20.64                  17
1780                     16.60                  16
1781                     16.47                  17
1782                     16.01                  16
1783                     16.31                  17
1784                     16.08                  17
1785                     30.96                  16
1786                     16.36                  18
1787                     17.21                  19
1788                     15.10                  18
1789                     15.52                  17
1790                     15.31                  15
1791                     29.26                  17
1792                     16.08                  17
1793                     16.30                  16
1794                     30.15                  16
1795                     15.66                  15
1796                     15.13                  15
1797                     14.73                  15
1798                     33.13                  15
1799                     15.06                  16
