Frame        Inference_Time_ms    Objects_Detected
0                       252.96                  14
1                        29.98                  12
2                        28.33                  12
3                        28.22                  13
4                        28.50                  15
5                        28.18                  15
6                        28.19                  11
7                        26.54                  14
8                        25.66                  13
9                        25.71                  14
10                       25.64                  14
11                       24.49                  14
12                       15.43                  15
13                       15.13                  15
14                       15.11                  14
15                       15.27                  16
16                       15.14                  16
17                       15.16                  16
18                       15.14                  17
19                       15.23                  14
20                       15.22                  18
21                       15.19                  14
22                       15.12                  15
23                       15.22                  15
24                       15.65                  16
25                       14.99                  16
26                       14.37                  14
27                       14.32                  14
28                       14.20                  14
29                       14.11                  17
30                       14.21                  13
31                       14.14                  14
32                       14.12                  14
33                       14.09                  15
34                       14.03                  16
35                       14.03                  15
36                       14.04                  16
37                       14.04                  14
38                       14.03                  15
39                       14.22                  15
40                       14.18                  16
41                       14.13                  14
42                       14.11                  13
43                       14.04                  14
44                       14.14                  14
45                       14.12                  15
46                       14.12                  14
47                       14.08                  13
48                       14.05                  14
49                       14.06                  12
50                       14.21                  14
51                       14.21                  14
52                       14.12                  13
53                       14.29                  15
54                       14.20                  16
55                       14.13                  15
56                       14.15                  15
57                       14.03                  13
58                       14.05                  16
59                       14.20                  16
60                       14.20                  16
61                       14.15                  15
62                       14.21                  16
63                       14.21                  18
64                       14.13                  15
65                       14.15                  16
66                       14.14                  14
67                       14.11                  13
68                       14.28                  14
69                       14.15                  14
70                       14.14                  10
71                       14.23                  10
72                       14.15                  11
73                       14.16                  14
74                       14.11                  14
75                       14.14                  15
76                       14.20                  13
77                       14.13                  15
78                       14.14                  16
79                       14.93                  18
80                       14.91                  14
81                       14.90                  16
82                       14.87                  16
83                       14.88                  18
84                       14.89                  17
85                       15.00                  17
86                       15.01                  15
87                       15.02                  15
88                       14.89                  14
89                       14.89                  18
90                       14.91                  16
91                       14.91                  15
92                       14.91                  16
93                       14.90                  16
94                       14.91                  15
95                       14.88                  17
96                       14.92                  15
97                       15.09                  15
98                       15.09                  15
99                       15.10                  17
100                      15.01                  15
101                      15.04                  16
102                      14.98                  15
103                      15.20                  15
104                      15.20                  16
105                      15.19                  16
106                      15.10                  19
107                      15.09                  21
108                      15.09                  19
109                      15.08                  18
110                      15.12                  16
111                      15.12                  17
112                      15.11                  18
113                      15.12                  13
114                      15.08                  12
115                      15.30                  15
116                      15.30                  14
117                      15.29                  15
118                      15.24                  18
119                      15.20                  19
120                      15.21                  17
121                      15.22                  17
122                      15.22                  16
123                      15.41                  15
124                      15.20                  15
125                      15.22                  15
126                      15.20                  12
127                      15.42                  14
128                      15.38                  15
129                      15.43                  14
130                      15.30                  13
131                      15.30                  15
132                      15.30                  13
133                      15.31                  15
134                      15.32                  15
135                      15.30                  16
136                      15.29                  13
137                      15.34                  14
138                      15.31                  13
139                      15.46                  14
140                      15.50                  13
141                      15.49                  14
142                      15.39                  16
143                      15.42                  15
144                      15.42                  12
145                      15.41                  13
146                      15.41                  16
147                      15.38                  13
148                      15.39                  12
149                      15.38                  12
150                      15.40                  14
151                      15.39                  12
152                      15.40                  15
153                      15.40                  14
154                      15.51                  17
155                      15.42                  14
156                      15.42                  16
157                      15.63                  14
158                      15.62                  12
159                      15.62                  13
160                      15.54                  14
161                      15.49                  14
162                      15.51                  14
163                      15.50                  14
164                      15.51                  15
165                      15.50                  14
166                      15.51                  11
167                      15.51                  13
168                      15.53                  14
169                      15.52                  14
170                      15.48                  15
171                      15.51                  13
172                      15.50                  15
173                      15.50                  15
174                      15.51                  14
175                      15.50                  16
176                      15.52                  13
177                      15.50                  14
178                      15.50                  13
179                      15.51                  15
180                      15.53                  14
181                      15.71                  15
182                      15.77                  15
183                      15.76                  15
184                      15.65                  14
185                      15.61                  15
186                      15.60                  14
187                      15.58                  17
188                      15.01                  16
189                      15.01                  15
190                      14.89                  17
191                      14.90                  17
192                      14.89                  15
193                      14.90                  17
194                      14.92                  17
195                      14.92                  16
196                      14.92                  14
197                      14.92                  14
198                      14.89                  18
199                      14.90                  17
200                      14.88                  14
201                      14.88                  13
202                      14.89                  11
203                      14.92                  11
204                      14.90                  14
205                      15.14                  13
206                      14.86                  12
207                      14.90                  14
208                      14.92                  14
209                      14.89                  12
210                      14.89                  13
211                      14.92                  12
212                      14.88                  12
213                      14.87                  11
214                      14.88                  11
215                      14.94                  13
216                      14.89                  13
217                      14.89                  12
218                      14.94                  12
219                      14.87                  13
220                      14.90                  14
221                      14.92                  16
222                      14.91                  16
223                      14.89                  17
224                      14.90                  17
225                      14.90                  13
226                      14.91                  13
227                      14.91                  13
228                      14.99                  13
229                      14.89                  13
230                      14.89                  13
231                      14.91                  14
232                      14.89                  13
233                      14.87                  14
234                      14.87                  14
235                      14.90                  13
236                      14.60                  17
237                      14.59                  15
238                      14.62                  14
239                      14.56                  12
240                      14.54                  13
241                      14.55                  15
242                      14.53                  14
243                      14.54                  13
244                      14.57                  14
245                      14.57                  13
246                      14.58                  13
247                      14.54                  13
248                      14.53                  14
249                      14.53                  12
250                      14.58                  13
251                      14.55                  13
252                      14.53                  13
253                      14.53                  13
254                      14.55                  14
255                      14.54                  18
256                      14.58                  17
257                      14.53                  18
258                      14.55                  19
259                      14.81                  20
260                      14.70                  20
261                      14.62                  20
262                      14.60                  18
263                      14.61                  20
264                      14.56                  22
265                      14.55                  17
266                      14.55                  18
267                      14.56                  20
268                      14.54                  19
269                      14.57                  21
270                      14.54                  19
271                      14.57                  18
272                      14.55                  18
273                      14.55                  19
274                      14.56                  18
275                      14.58                  17
276                      15.02                  18
277                      14.69                  16
278                      14.62                  15
279                      14.61                  17
280                      14.63                  18
281                      14.54                  17
282                      14.51                  20
283                      14.54                  20
284                      14.51                  20
285                      14.54                  20
286                      14.55                  22
287                      14.64                  21
288                      14.62                  20
289                      14.64                  21
290                      15.20                  22
291                      15.18                  21
292                      15.20                  17
293                      15.10                  17
294                      15.08                  20
295                      15.14                  15
296                      15.29                  18
297                      15.31                  17
298                      15.30                  23
299                      15.21                  21
300                      15.22                  21
301                      15.21                  21
302                      15.23                  21
303                      15.18                  20
304                      15.20                  23
305                      15.23                  22
306                      15.23                  20
307                      15.22                  20
308                      15.38                  19
309                      15.42                  21
310                      15.41                  20
311                      15.31                  19
312                      15.30                  20
313                      15.32                  22
314                      15.30                  21
315                      15.30                  22
316                      15.32                  23
317                      15.31                  24
318                      15.31                  23
319                      15.31                  24
320                      15.33                  22
321                      15.32                  21
322                      15.32                  22
323                      15.31                  22
324                      15.32                  21
325                      15.30                  21
326                      15.53                  21
327                      15.51                  21
328                      15.52                  22
329                      15.41                  22
330                      15.41                  23
331                      15.39                  25
332                      15.39                  24
333                      15.43                  22
334                      15.42                  22
335                      15.42                  23
336                      15.43                  20
337                      15.39                  24
338                      15.37                  22
339                      15.38                  20
340                      15.39                  23
341                      15.39                  18
342                      15.41                  21
343                      15.37                  19
344                      15.61                  14
345                      15.61                  17
346                      15.63                  19
347                      15.50                  21
348                      15.52                  21
349                      15.51                  20
350                      15.52                  21
351                      15.50                  18
352                      15.50                  18
353                      15.52                  18
354                      15.51                  19
355                      15.53                  18
356                      15.49                  18
357                      15.52                  16
358                      15.51                  17
359                      15.54                  19
360                      15.50                  17
361                      15.50                  16
362                      15.50                  17
363                      15.58                  18
364                      15.52                  17
365                      15.50                  16
366                      15.52                  17
367                      15.52                  17
368                      15.72                  16
369                      15.76                  20
370                      15.74                  20
371                      15.63                  19
372                      15.63                  22
373                      15.63                  24
374                      15.68                  24
375                      15.65                  23
376                      15.61                  21
377                      15.62                  20
378                      15.66                  22
379                      15.66                  19
380                      15.61                  20
381                      15.62                  20
382                      15.64                  17
383                      15.64                  19
384                      15.64                  19
385                      15.65                  20
386                      15.61                  19
387                      15.65                  19
388                      15.64                  17
389                      15.66                  20
390                      15.64                  20
391                      15.62                  19
392                      15.61                  20
393                      15.65                  20
394                      15.64                  19
395                      15.61                  19
396                      15.65                  23
397                      15.63                  20
398                      15.87                  19
399                      15.91                  19
400                      15.89                  20
401                      15.80                  20
402                      15.77                  20
403                      15.76                  16
404                      15.64                  19
405                      15.11                  18
406                      15.09                  16
407                      15.01                  17
408                      15.02                  19
409                      15.01                  18
410                      15.00                  17
411                      14.99                  14
412                      15.00                  20
413                      14.99                  16
414                      14.98                  22
415                      15.00                  20
416                      15.02                  19
417                      15.01                  20
418                      15.01                  17
419                      15.00                  19
420                      14.97                  20
421                      15.01                  19
422                      14.99                  18
423                      15.02                  21
424                      15.01                  19
425                      15.01                  15
426                      14.99                  17
427                      14.99                  18
428                      15.01                  18
429                      15.00                  21
430                      15.11                  16
431                      15.09                  21
432                      15.09                  20
433                      15.11                  20
434                      15.02                  22
435                      14.97                  19
436                      15.12                  19
437                      15.10                  19
438                      15.12                  18
439                      15.03                  15
440                      14.98                  18
441                      15.02                  17
442                      15.01                  20
443                      15.01                  21
444                      15.00                  23
445                      15.01                  20
446                      15.01                  20
447                      15.01                  21
448                      15.02                  18
449                      15.02                  20
450                      15.00                  19
451                      15.01                  19
452                      14.99                  16
453                      15.01                  17
454                      15.12                  17
455                      15.02                  20
456                      15.02                  17
457                      15.01                  19
458                      15.01                  18
459                      14.69                  20
460                      14.73                  19
461                      14.69                  20
462                      14.67                  19
463                      14.73                  24
464                      14.71                  23
465                      14.72                  24
466                      14.64                  22
467                      14.64                  25
468                      14.65                  21
469                      14.67                  26
470                      14.68                  22
471                      14.45                  23
472                      14.46                  22
473                      14.44                  25
474                      14.43                  23
475                      14.45                  23
476                      14.47                  26
477                      14.47                  21
478                      14.43                  24
479                      14.45                  23
480                      14.44                  24
481                      14.46                  21
482                      14.43                  21
483                      14.44                  26
484                      14.42                  21
485                      14.47                  24
486                      14.45                  20
487                      14.48                  24
488                      14.46                  19
489                      14.41                  20
490                      14.43                  21
491                      14.45                  23
492                      14.45                  21
493                      14.46                  22
494                      14.45                  21
495                      14.43                  17
496                      14.44                  19
497                      14.48                  19
498                      14.43                  19
499                      14.46                  19
500                      14.51                  20
501                      14.47                  20
502                      14.55                  20
503                      14.46                  17
504                      14.47                  18
505                      14.45                  19
506                      14.45                  18
507                      14.46                  18
508                      14.46                  17
509                      14.43                  18
510                      14.44                  17
511                      14.46                  22
512                      14.43                  20
513                      14.45                  20
514                      14.44                  21
515                      14.45                  21
516                      14.46                  21
517                      14.46                  23
518                      14.43                  21
519                      14.43                  19
520                      14.41                  23
521                      14.47                  19
522                      14.45                  19
523                      14.45                  22
524                      14.42                  20
525                      14.92                  20
526                      14.93                  21
527                      14.89                  18
528                      14.88                  19
529                      14.88                  19
530                      14.89                  19
531                      15.00                  20
532                      15.00                  21
533                      15.01                  20
534                      14.93                  19
535                      15.01                  20
536                      14.94                  20
537                      15.10                  19
538                      15.10                  19
539                      15.10                  18
540                      14.97                  17
541                      15.02                  17
542                      15.01                  18
543                      15.02                  22
544                      15.13                  19
545                      14.99                  20
546                      14.99                  18
547                      14.99                  21
548                      15.00                  21
549                      15.17                  22
550                      15.19                  25
551                      15.20                  17
552                      15.07                  17
553                      15.10                  18
554                      15.10                  16
555                      15.31                  16
556                      15.29                  18
557                      15.29                  18
558                      15.20                  17
559                      15.20                  18
560                      15.20                  17
561                      15.20                  16
562                      15.19                  16
563                      15.21                  16
564                      15.19                  15
565                      15.22                  15
566                      15.22                  16
567                      15.43                  16
568                      15.39                  17
569                      15.38                  18
570                      15.30                  18
571                      15.31                  20
572                      15.30                  19
573                      15.32                  19
574                      15.72                  17
575                      15.32                  18
576                      15.31                  19
577                      15.31                  17
578                      15.29                  18
579                      15.31                  17
580                      15.31                  17
581                      15.30                  17
582                      15.27                  15
583                      15.29                  15
584                      15.33                  17
585                      15.52                  19
586                      15.50                  18
587                      15.52                  17
588                      15.57                  16
589                      15.85                  15
590                      15.55                  16
591                      15.39                  15
592                      15.41                  16
593                      15.40                  16
594                      15.41                  17
595                      15.41                  17
596                      15.38                  17
597                      15.41                  16
598                      15.42                  16
599                      15.41                  16
600                      15.40                  16
601                      15.42                  15
602                      15.40                  17
603                      15.53                  16
604                      15.60                  16
605                      15.64                  17
606                      15.54                  16
607                      15.52                  15
608                      15.53                  16
609                      15.51                  15
610                      15.54                  16
611                      15.53                  17
612                      15.51                  17
613                      15.52                  18
614                      15.52                  18
615                      15.53                  16
616                      15.52                  17
617                      15.52                  17
618                      15.51                  18
619                      15.52                  18
620                      15.52                  18
621                      15.75                  19
622                      15.73                  19
623                      15.72                  18
624                      15.63                  21
625                      15.62                  19
626                      15.96                  20
627                      16.12                  21
628                      15.86                  21
629                      15.85                  20
630                      15.76                  19
631                      15.76                  19
632                      15.75                  17
633                      15.27                  18
634                      14.98                  17
635                      15.02                  14
636                      14.97                  15
637                      14.89                  16
638                      14.89                  17
639                      14.88                  16
640                      14.89                  18
641                      14.91                  17
642                      14.94                  16
643                      14.92                  18
644                      14.91                  18
645                      14.92                  18
646                      14.90                  16
647                      14.89                  18
648                      14.94                  18
649                      14.88                  18
650                      14.92                  21
651                      14.89                  22
652                      14.90                  21
653                      14.91                  21
654                      14.88                  21
655                      14.90                  20
656                      14.89                  18
657                      14.89                  17
658                      14.91                  18
659                      14.91                  19
660                      14.89                  19
661                      14.89                  19
662                      14.89                  22
663                      14.91                  20
664                      14.89                  21
665                      14.94                  19
666                      14.93                  20
667                      14.93                  20
668                      14.91                  21
669                      14.91                  21
670                      14.92                  20
671                      14.92                  20
672                      14.91                  19
673                      14.91                  20
674                      14.90                  21
675                      14.93                  21
676                      14.91                  20
677                      14.93                  18
678                      14.92                  19
679                      14.95                  22
680                      14.95                  22
681                      14.91                  22
682                      14.91                  22
683                      14.92                  21
684                      14.89                  21
685                      14.92                  22
686                      14.91                  21
687                      14.92                  20
688                      14.54                  19
689                      14.54                  21
690                      14.53                  19
691                      14.54                  19
692                      14.51                  17
693                      14.55                  19
694                      14.52                  19
695                      14.50                  19
696                      14.62                  18
697                      14.56                  19
698                      14.53                  18
699                      14.54                  19
700                      14.52                  20
701                      14.55                  21
702                      14.55                  21
703                      14.55                  20
704                      14.51                  20
705                      14.51                  22
706                      14.35                  19
707                      14.26                  23
708                      14.27                  24
709                      14.31                  23
710                      14.26                  22
711                      14.26                  22
712                      14.28                  23
713                      14.32                  22
714                      14.33                  25
715                      14.37                  24
716                      14.30                  23
717                      14.33                  22
718                      14.31                  19
719                      14.27                  22
720                      14.27                  22
721                      14.26                  23
722                      14.27                  24
723                      14.30                  25
724                      14.28                  23
725                      14.28                  26
726                      14.28                  22
727                      14.30                  25
728                      14.30                  24
729                      14.26                  23
730                      14.29                  26
731                      14.30                  24
732                      14.28                  18
733                      14.26                  18
734                      14.32                  21
735                      14.28                  24
736                      14.29                  21
737                      14.31                  18
738                      14.32                  21
739                      14.33                  19
740                      14.29                  19
741                      14.55                  20
742                      14.31                  19
743                      14.31                  20
744                      14.29                  19
745                      14.28                  16
746                      14.28                  19
747                      14.26                  17
748                      14.26                  19
749                      14.29                  24
750                      15.03                  23
751                      14.25                  22
752                      14.76                  21
753                      14.38                  20
754                      14.28                  22
755                      14.34                  20
756                      14.28                  20
757                      14.28                  20
758                      14.27                  15
759                      14.30                  19
760                      15.09                  17
761                      15.12                  18
762                      15.09                  17
763                      15.02                  20
764                      15.03                  20
765                      15.63                  21
766                      15.21                  23
767                      15.23                  22
768                      15.20                  21
769                      15.21                  17
770                      15.12                  20
771                      15.12                  17
772                      15.10                  19
773                      15.10                  16
774                      15.11                  18
775                      15.13                  15
776                      15.14                  19
777                      15.09                  19
778                      15.10                  19
779                      15.11                  21
780                      15.12                  20
781                      15.11                  18
782                      15.10                  18
783                      15.11                  17
784                      15.26                  20
785                      15.29                  19
786                      15.32                  17
787                      15.26                  19
788                      15.24                  19
789                      15.22                  19
790                      15.22                  20
791                      15.22                  19
792                      15.23                  16
793                      15.20                  17
794                      15.23                  17
795                      15.23                  17
796                      15.41                  19
797                      15.43                  17
798                      15.37                  18
799                      15.38                  15
800                      15.37                  18
801                      15.33                  18
802                      15.33                  18
803                      15.31                  21
804                      15.32                  19
805                      15.33                  20
806                      15.32                  20
807                      15.32                  18
808                      15.43                  19
809                      15.52                  18
810                      15.52                  19
811                      15.43                  20
812                      15.42                  17
813                      15.44                  16
814                      15.40                  19
815                      15.46                  17
816                      15.40                  21
817                      15.42                  22
818                      15.42                  22
819                      15.40                  21
820                      15.41                  20
821                      15.41                  22
822                      15.47                  26
823                      15.42                  23
824                      15.43                  23
825                      15.39                  24
826                      15.65                  24
827                      15.62                  23
828                      15.67                  21
829                      15.54                  21
830                      15.55                  22
831                      15.51                  22
832                      15.53                  20
833                      15.54                  19
834                      15.59                  16
835                      15.52                  19
836                      15.54                  20
837                      15.54                  21
838                      15.52                  19
839                      15.52                  19
840                      15.54                  18
841                      15.55                  18
842                      15.55                  18
843                      15.89                  17
844                      15.51                  17
845                      15.41                  19
846                      15.41                  20
847                      15.39                  18
848                      15.31                  19
849                      15.34                  23
850                      15.31                  21
851                      15.32                  20
852                      15.31                  19
853                      15.32                  17
854                      15.31                  17
855                      15.30                  16
856                      15.34                  17
857                      15.33                  19
858                      15.32                  21
859                      15.32                  23
860                      15.32                  23
861                      15.30                  22
862                      15.31                  22
863                      15.40                  22
864                      15.32                  22
865                      15.33                  22
866                      15.32                  23
867                      15.34                  21
868                      15.33                  22
869                      15.34                  20
870                      15.33                  20
871                      15.35                  21
872                      15.33                  19
873                      15.32                  22
874                      15.31                  22
875                      15.29                  20
876                      15.32                  22
877                      15.33                  24
878                      15.32                  21
879                      15.32                  23
880                      15.30                  23
881                      15.34                  24
882                      15.32                  22
883                      15.31                  23
884                      15.33                  23
885                      15.31                  21
886                      15.34                  20
887                      15.33                  21
888                      15.34                  19
889                      15.33                  21
890                      15.30                  21
891                      15.32                  21
892                      15.33                  20
893                      15.34                  21
894                      15.33                  21
895                      15.33                  22
896                      15.38                  20
897                      15.33                  21
898                      15.32                  20
899                      15.21                  18
900                      15.21                  21
901                      15.18                  22
902                      16.74                  20
903                      15.13                  19
904                      15.13                  18
905                      15.11                  19
906                      15.11                  20
907                      15.13                  19
908                      15.15                  22
909                      15.13                  20
910                      15.19                  21
911                      15.37                  22
912                      15.11                  22
913                      15.12                  22
914                      15.12                  23
915                      15.12                  22
916                      15.09                  22
917                      15.13                  23
918                      15.13                  20
919                      15.11                  18
920                      15.12                  16
921                      15.10                  16
922                      15.11                  16
923                      15.12                  17
924                      15.11                  17
925                      15.11                  18
926                      15.12                  20
927                      15.11                  19
928                      15.08                  19
929                      15.11                  21
930                      15.11                  23
931                      15.12                  21
932                      15.12                  20
933                      15.17                  22
934                      15.09                  20
935                      14.55                  21
936                      14.51                  19
937                      14.53                  17
938                      14.54                  21
939                      14.51                  19
940                      14.53                  20
941                      14.57                  17
942                      14.53                  19
943                      14.52                  17
944                      14.54                  15
945                      14.52                  13
946                      14.54                  13
947                      14.52                  12
948                      14.52                  12
949                      14.52                  12
950                      14.53                  16
951                      14.52                  16
952                      14.53                  13
953                      14.55                  13
954                      14.51                  11
955                      14.52                  13
956                      14.60                  12
957                      14.55                  13
958                      14.55                  11
959                      14.50                  11
960                      14.50                  13
961                      14.51                  12
962                      14.51                  13
963                      14.49                  14
964                      14.52                  12
965                      14.52                  13
966                      14.54                  15
967                      14.51                  14
968                      14.51                  13
969                      14.51                  12
970                      14.51                  13
971                      14.53                  13
972                      14.52                  14
973                      14.51                  12
974                      14.55                  14
975                      14.50                  15
976                      14.49                  15
977                      14.53                  15
978                      14.49                  13
979                      14.49                  14
980                      14.57                  12
981                      14.49                  12
982                      14.53                  12
983                      14.52                  13
984                      14.55                  14
985                      14.53                  13
986                      14.55                  13
987                      14.50                  14
988                      14.52                  14
989                      15.32                  13
990                      15.35                  12
991                      15.31                  12
992                      15.26                  13
993                      15.28                  13
994                      15.28                  13
995                      15.21                  14
996                      15.20                  14
997                      15.19                  12
998                      15.19                  13
999                      15.19                  14
1000                     15.66                  17
1001                     15.54                  15
1002                     15.49                  15
1003                     15.54                  15
1004                     15.40                  16
1005                     15.41                  16
1006                     15.41                  14
1007                     14.51                  14
1008                     14.56                  15
1009                     14.53                  14
1010                     14.56                  16
1011                     14.51                  17
1012                     14.51                  16
1013                     14.52                  17
1014                     14.53                  16
1015                     14.53                  15
1016                     14.50                  15
1017                     14.54                  16
1018                     14.52                  15
1019                     14.53                  14
1020                     14.51                  14
1021                     14.50                  13
1022                     14.53                  14
1023                     14.56                  13
1024                     14.51                  12
1025                     14.53                  14
1026                     14.50                  14
1027                     14.51                  15
1028                     14.51                  16
1029                     14.51                  16
1030                     14.50                  16
1031                     14.48                  13
1032                     14.49                  13
1033                     14.51                  13
1034                     14.51                  13
1035                     14.50                  13
1036                     14.49                  15
1037                     14.55                  14
1038                     14.50                  16
1039                     14.49                  14
1040                     14.52                  16
1041                     14.54                  14
1042                     14.50                  13
1043                     14.48                  16
1044                     14.51                  14
1045                     14.48                  15
1046                     14.50                  14
1047                     14.48                  14
1048                     14.47                  14
1049                     14.50                  13
1050                     14.52                  11
1051                     14.47                  13
1052                     14.53                  10
1053                     14.54                  14
1054                     14.55                  13
1055                     14.52                  12
1056                     14.49                  13
1057                     14.50                  17
1058                     14.50                  15
1059                     14.59                  16
1060                     14.49                  16
1061                     15.22                  16
1062                     15.36                  14
1063                     15.37                  14
1064                     15.37                  14
1065                     15.37                  17
1066                     15.35                  15
1067                     15.27                  14
1068                     15.27                  14
1069                     15.29                  11
1070                     15.28                  14
1071                     15.31                  13
1072                     15.29                  12
1073                     15.44                  13
1074                     15.49                  14
1075                     15.51                  12
1076                     15.40                  15
1077                     15.38                  18
1078                     15.39                  17
1079                     15.41                  15
1080                     15.38                  16
1081                     15.38                  18
1082                     15.35                  14
1083                     15.36                  12
1084                     15.39                  11
1085                     15.36                  13
1086                     15.38                  11
1087                     15.40                  17
1088                     15.36                  17
1089                     15.37                  17
1090                     15.39                  19
1091                     15.63                  19
1092                     15.63                  17
1093                     15.61                  19
1094                     15.53                  20
1095                     15.51                  21
1096                     15.49                  18
1097                     15.50                  16
1098                     15.50                  18
1099                     15.49                  16
1100                     15.50                  17
1101                     15.51                  17
1102                     15.49                  15
1103                     15.59                  16
1104                     15.48                  17
1105                     15.50                  16
1106                     15.47                  17
1107                     15.40                  16
1108                     15.39                  17
1109                     15.49                  17
1110                     15.64                  17
1111                     15.61                  16
1112                     15.59                  16
1113                     15.79                  21
1114                     15.47                  17
1115                     15.51                  17
1116                     14.96                  16
1117                     14.98                  17
1118                     14.98                  17
1119                     14.86                  14
1120                     14.88                  13
1121                     14.88                  16
1122                     14.89                  14
1123                     15.27                  13
1124                     14.86                  13
1125                     14.87                  14
1126                     14.87                  15
1127                     14.90                  14
1128                     14.89                  15
1129                     14.89                  12
1130                     14.88                  15
1131                     14.89                  14
1132                     14.88                  14
1133                     14.89                  13
1134                     14.90                  15
1135                     14.89                  17
1136                     14.99                  15
1137                     14.98                  13
1138                     14.99                  16
1139                     14.89                  16
1140                     14.90                  17
1141                     14.93                  18
1142                     14.90                  15
1143                     14.89                  15
1144                     14.89                  17
1145                     14.89                  17
1146                     14.68                  17
1147                     14.72                  17
1148                     14.69                  15
1149                     14.63                  20
1150                     14.60                  14
1151                     14.63                  14
1152                     14.63                  17
1153                     14.63                  15
1154                     14.61                  15
1155                     14.70                  13
1156                     14.69                  13
1157                     14.66                  14
1158                     14.69                  15
1159                     14.77                  16
1160                     14.69                  17
1161                     14.70                  18
1162                     14.69                  14
1163                     14.60                  14
1164                     14.61                  12
1165                     14.65                  13
1166                     14.61                  14
1167                     14.62                  16
1168                     14.64                  16
1169                     14.62                  14
1170                     14.58                  14
1171                     14.63                  15
1172                     14.62                  16
1173                     14.60                  15
1174                     14.65                  18
1175                     14.63                  18
1176                     14.60                  20
1177                     14.62                  16
1178                     14.61                  18
1179                     14.63                  19
1180                     14.63                  17
1181                     14.65                  17
1182                     14.64                  17
1183                     14.59                  18
1184                     14.63                  15
1185                     14.61                  17
1186                     14.72                  15
1187                     14.68                  16
1188                     14.67                  15
1189                     14.70                  16
1190                     14.62                  15
1191                     14.61                  13
1192                     14.61                  12
1193                     14.62                  13
1194                     14.69                  11
1195                     14.60                  12
1196                     14.62                  12
1197                     14.71                  13
1198                     14.68                  12
1199                     14.71                  14
1200                     15.38                  14
1201                     15.37                  12
1202                     15.42                  13
1203                     15.27                  11
1204                     15.29                  12
1205                     15.27                  11
1206                     15.49                  12
1207                     15.49                  14
1208                     15.51                  12
1209                     15.39                  14
1210                     15.36                  14
1211                     15.39                  15
1212                     15.38                  16
1213                     15.57                  14
1214                     16.78                  16
1215                     16.37                  16
1216                     16.79                  16
1217                     16.37                  16
1218                     16.33                  15
1219                     16.35                  17
1220                     16.03                  17
1221                     16.05                  19
1222                     16.04                  16
1223                     14.83                  16
1224                     14.26                  17
1225                     14.48                  14
1226                     14.67                  16
1227                     15.57                  14
1228                     16.11                  14
1229                     15.71                  13
1230                     15.40                  13
1231                     15.31                  14
1232                     16.28                  14
1233                     15.42                  15
1234                     15.27                  15
1235                     14.54                  15
1236                     14.23                  14
1237                     14.25                  15
1238                     14.41                  17
1239                     14.35                  18
1240                     14.12                  16
1241                     14.16                  13
1242                     14.13                  15
1243                     14.15                  13
1244                     14.18                  13
1245                     14.21                  16
1246                     14.12                  15
1247                     14.39                  14
1248                     14.15                  13
1249                     14.12                  13
1250                     14.10                  15
1251                     14.07                  14
1252                     14.58                  15
1253                     14.21                  15
1254                     14.13                  15
1255                     14.22                  14
1256                     14.14                  13
1257                     14.12                  13
1258                     14.06                  18
1259                     14.03                  15
1260                     14.01                  16
1261                     14.16                  15
1262                     14.12                  15
1263                     14.00                  13
1264                     14.19                  15
1265                     14.33                  13
1266                     14.13                  12
1267                     14.16                  12
1268                     14.61                  15
1269                     14.63                  15
1270                     14.27                  13
1271                     14.11                  12
1272                     14.11                  12
1273                     14.12                  14
1274                     14.01                  14
1275                     14.31                  14
1276                     14.13                  14
1277                     14.13                  15
1278                     14.12                  15
1279                     14.47                  13
1280                     14.42                  15
1281                     14.22                  13
1282                     14.22                  17
1283                     14.15                  14
1284                     14.34                  16
1285                     14.23                  14
1286                     14.17                  14
1287                     14.49                  15
1288                     14.16                  17
1289                     14.19                  17
1290                     14.77                  15
1291                     14.77                  16
1292                     14.77                  15
1293                     14.76                  15
1294                     18.76                  14
1295                     18.33                  15
1296                     18.10                  15
1297                     18.06                  13
1298                     18.04                  16
1299                     18.03                  15
1300                     17.96                  17
1301                     17.75                  18
1302                     17.75                  19
1303                     17.72                  19
1304                     17.78                  19
1305                     17.70                  19
1306                     16.06                  17
1307                     14.83                  17
1308                     15.01                  17
1309                     15.17                  15
1310                     15.93                  15
1311                     16.80                  15
1312                     16.40                  14
1313                     16.07                  14
1314                     15.83                  17
1315                     15.69                  15
1316                     15.70                  16
1317                     16.18                  17
1318                     15.97                  17
1319                     15.72                  15
1320                     15.51                  14
1321                     15.59                  14
1322                     16.73                  13
1323                     16.33                  13
1324                     16.87                  13
1325                     16.20                  12
1326                     16.10                  13
1327                     16.29                  14
1328                     16.56                  15
1329                     16.49                  12
1330                     15.66                  15
1331                     15.54                  15
1332                     15.68                  14
1333                     15.70                  15
1334                     15.09                  17
1335                     14.25                  17
1336                     14.73                  15
1337                     15.74                  15
1338                     15.83                  16
1339                     15.74                  13
1340                     15.48                  15
1341                     15.48                  16
1342                     15.68                  15
1343                     15.52                  17
1344                     15.42                  17
1345                     15.59                  15
1346                     15.05                  14
1347                     15.33                  14
1348                     15.23                  13
1349                     15.16                  15
1350                     15.27                  12
1351                     15.63                  15
1352                     15.51                  12
1353                     15.39                  12
1354                     15.28                  11
1355                     15.53                  16
1356                     15.71                  13
1357                     15.53                  13
1358                     15.36                  13
1359                     15.27                  13
1360                     15.45                  13
1361                     15.59                  14
1362                     15.06                  14
1363                     14.59                  13
1364                     15.80                  11
1365                     15.58                  12
1366                     15.38                  15
1367                     15.32                  13
1368                     15.57                  14
1369                     15.51                  17
1370                     15.65                  16
1371                     15.28                  13
1372                     15.28                  11
1373                     15.63                  12
1374                     15.52                  15
1375                     15.38                  12
1376                     15.51                  13
1377                     15.54                  13
1378                     15.51                  14
1379                     15.38                  14
1380                     14.61                  16
1381                     14.84                  16
1382                     15.22                  15
1383                     14.79                  15
1384                     14.96                  16
1385                     15.34                  16
1386                     15.42                  16
1387                     15.42                  17
1388                     15.59                  17
1389                     15.79                  15
1390                     15.47                  14
1391                     15.29                  15
1392                     15.31                  16
1393                     15.68                  15
1394                     15.94                  15
1395                     15.54                  14
1396                     15.42                  16
1397                     15.48                  15
1398                     15.85                  18
1399                     15.56                  15
1400                     15.43                  13
1401                     15.35                  13
1402                     14.91                  12
1403                     14.85                  14
1404                     14.85                  14
1405                     15.00                  13
1406                     15.51                  12
1407                     15.08                  15
1408                     14.68                  12
1409                     14.24                  14
1410                     14.10                  14
1411                     14.53                  13
1412                     14.34                  12
1413                     14.48                  13
1414                     14.16                  14
1415                     14.23                  13
1416                     14.19                  14
1417                     15.04                  13
1418                     14.23                  13
1419                     14.37                  13
1420                     14.56                  13
1421                     15.40                  13
1422                     16.08                  15
1423                     15.77                  16
1424                     14.98                  16
1425                     14.24                  16
1426                     14.15                  14
1427                     14.08                  12
1428                     14.16                  14
1429                     14.42                  15
1430                     14.14                  16
1431                     14.09                  13
1432                     14.08                  14
1433                     14.02                  14
1434                     14.21                  14
1435                     14.27                  14
1436                     14.37                  15
1437                     14.40                  16
1438                     14.16                  15
1439                     14.09                  12
1440                     14.41                  13
1441                     14.11                  10
1442                     14.31                  13
1443                     14.15                  13
1444                     14.09                  13
1445                     14.06                  11
1446                     14.02                  13
1447                     14.00                  13
1448                     14.10                  15
1449                     14.08                  13
1450                     14.00                  13
1451                     14.21                  14
1452                     14.47                  12
1453                     14.14                  13
1454                     14.43                  16
1455                     14.07                  17
1456                     14.96                  17
1457                     14.55                  18
1458                     14.41                  19
1459                     14.55                  19
1460                     14.14                  19
1461                     14.10                  20
1462                     14.09                  21
1463                     14.09                  20
1464                     13.99                  19
1465                     14.01                  17
1466                     14.59                  17
1467                     14.61                  21
1468                     14.57                  20
1469                     14.57                  20
1470                     14.61                  20
1471                     14.55                  19
1472                     14.63                  19
1473                     14.66                  19
1474                     14.64                  17
1475                     14.64                  15
1476                     14.64                  16
1477                     14.64                  17
1478                     14.75                  17
1479                     14.75                  18
1480                     14.74                  18
1481                     14.68                  19
1482                     14.65                  20
1483                     14.67                  21
1484                     14.81                  20
1485                     14.81                  17
1486                     14.98                  19
1487                     14.82                  21
1488                     14.78                  22
1489                     14.76                  20
1490                     14.88                  20
1491                     14.96                  21
1492                     14.98                  17
1493                     14.90                  18
1494                     14.87                  18
1495                     14.90                  16
1496                     15.07                  18
1497                     15.05                  19
1498                     15.06                  21
1499                     14.99                  20
1500                     15.01                  21
1501                     14.97                  21
1502                     14.96                  21
1503                     14.94                  20
1504                     15.01                  21
1505                     14.95                  22
1506                     14.97                  20
1507                     14.96                  20
1508                     15.13                  20
1509                     15.16                  20
1510                     15.16                  21
1511                     15.13                  19
1512                     15.91                  20
1513                     15.65                  23
1514                     15.53                  24
1515                     15.51                  22
1516                     15.52                  22
1517                     15.39                  23
1518                     15.47                  23
1519                     15.38                  23
1520                     14.14                  22
1521                     14.17                  23
1522                     14.09                  22
1523                     14.10                  21
1524                     14.25                  21
1525                     14.13                  19
1526                     14.10                  21
1527                     14.22                  23
1528                     14.32                  24
1529                     14.18                  24
1530                     14.10                  22
1531                     14.11                  22
1532                     13.99                  24
1533                     14.28                  23
1534                     14.15                  23
1535                     14.28                  21
1536                     14.16                  23
1537                     14.07                  21
1538                     14.15                  20
1539                     14.02                  25
1540                     14.04                  22
1541                     14.03                  19
1542                     14.25                  18
1543                     14.08                  17
1544                     14.10                  18
1545                     14.22                  19
1546                     14.20                  20
1547                     14.06                  19
1548                     14.04                  21
1549                     15.16                  20
1550                     15.53                  18
1551                     15.55                  21
1552                     15.44                  21
1553                     15.57                  17
1554                     15.08                  18
1555                     14.33                  19
1556                     14.10                  17
1557                     14.07                  17
1558                     14.09                  19
1559                     14.14                  19
1560                     14.11                  17
1561                     14.38                  18
1562                     15.13                  18
1563                     14.33                  16
1564                     14.51                  19
1565                     14.98                  19
1566                     15.60                  17
1567                     14.22                  16
1568                     14.10                  18
1569                     14.50                  20
1570                     14.29                  19
1571                     14.49                  19
1572                     15.63                  21
1573                     15.62                  21
1574                     16.07                  23
1575                     15.35                  24
1576                     15.62                  24
1577                     15.94                  24
1578                     15.52                  22
1579                     15.35                  20
1580                     15.37                  19
1581                     15.65                  22
1582                     14.49                  20
1583                     14.94                  19
1584                     15.70                  19
1585                     15.49                  16
1586                     14.67                  16
1587                     14.47                  16
1588                     14.18                  19
1589                     14.13                  19
1590                     14.14                  19
1591                     14.14                  19
1592                     14.19                  19
1593                     14.10                  21
1594                     14.10                  18
1595                     14.16                  20
1596                     14.30                  22
1597                     14.24                  21
1598                     14.11                  20
1599                     14.12                  20
1600                     14.12                  19
1601                     14.34                  20
1602                     14.17                  18
1603                     14.18                  18
1604                     14.12                  18
1605                     14.35                  18
1606                     14.57                  15
1607                     14.27                  16
1608                     14.63                  18
1609                     14.59                  19
1610                     14.74                  20
1611                     14.58                  18
1612                     14.68                  20
1613                     14.55                  17
1614                     14.55                  17
1615                     14.55                  20
1616                     14.49                  17
1617                     14.43                  20
1618                     14.47                  19
1619                     14.49                  19
1620                     14.45                  21
1621                     14.59                  17
1622                     14.94                  19
1623                     14.77                  17
1624                     14.65                  16
1625                     14.69                  15
1626                     14.50                  14
1627                     14.64                  18
1628                     14.58                  17
1629                     14.54                  18
1630                     14.54                  15
1631                     14.52                  20
1632                     14.54                  19
1633                     14.54                  24
1634                     16.37                  20
1635                     16.91                  22
1636                     16.84                  18
1637                     17.54                  18
1638                     17.55                  17
1639                     17.51                  20
1640                     17.65                  17
1641                     17.72                  21
1642                     17.52                  21
1643                     18.11                  22
1644                     17.51                  21
1645                     17.53                  24
1646                     16.27                  21
1647                     15.67                  21
1648                     15.67                  19
1649                     14.89                  22
1650                     14.64                  19
1651                     14.80                  18
1652                     14.63                  19
1653                     14.56                  18
1654                     14.62                  17
1655                     14.60                  20
1656                     14.61                  18
1657                     14.68                  19
1658                     14.61                  20
1659                     14.59                  18
1660                     14.59                  18
1661                     14.53                  18
1662                     14.61                  15
1663                     14.64                  22
1664                     14.60                  23
1665                     14.88                  22
1666                     14.63                  22
1667                     14.63                  24
1668                     14.61                  21
1669                     14.61                  21
1670                     14.58                  25
1671                     14.86                  22
1672                     14.58                  27
1673                     14.61                  25
1674                     14.60                  25
1675                     14.60                  23
1676                     14.66                  24
1677                     14.61                  23
1678                     14.61                  24
1679                     14.58                  22
1680                     14.88                  22
1681                     14.67                  21
1682                     14.60                  23
1683                     14.61                  25
1684                     14.57                  22
1685                     14.57                  22
1686                     14.65                  21
1687                     14.55                  20
1688                     14.62                  20
1689                     14.97                  21
1690                     14.61                  21
1691                     14.60                  23
1692                     14.61                  19
1693                     14.57                  19
1694                     14.59                  21
1695                     14.58                  19
1696                     14.75                  19
1697                     15.03                  18
1698                     14.61                  20
1699                     14.59                  19
1700                     14.62                  20
1701                     14.59                  19
1702                     14.56                  18
1703                     14.56                  17
1704                     14.82                  19
1705                     14.59                  16
1706                     14.61                  18
1707                     14.64                  19
1708                     15.39                  18
1709                     15.42                  17
1710                     15.42                  20
1711                     15.89                  20
1712                     15.37                  19
1713                     15.54                  21
1714                     15.53                  22
1715                     15.49                  22
1716                     15.50                  21
1717                     15.39                  21
1718                     15.41                  20
1719                     15.39                  20
1720                     14.85                  22
1721                     14.84                  21
1722                     14.87                  18
1723                     14.83                  21
1724                     14.83                  21
1725                     14.83                  22
1726                     14.85                  21
1727                     14.85                  19
1728                     14.86                  20
1729                     14.86                  20
1730                     14.86                  21
1731                     14.85                  19
1732                     14.90                  21
1733                     14.84                  19
1734                     14.84                  20
1735                     14.83                  19
1736                     14.81                  19
1737                     14.84                  18
1738                     14.82                  18
1739                     15.21                  18
1740                     14.85                  18
1741                     14.84                  19
1742                     14.88                  20
1743                     14.85                  21
1744                     14.96                  22
1745                     14.86                  22
1746                     14.83                  21
1747                     14.95                  24
1748                     14.84                  25
1749                     14.84                  22
1750                     15.43                  24
1751                     14.83                  21
1752                     14.81                  18
1753                     14.94                  19
1754                     15.13                  17
1755                     15.04                  16
1756                     14.93                  17
1757                     14.87                  17
1758                     14.87                  16
1759                     14.85                  18
1760                     14.83                  18
1761                     14.87                  18
1762                     14.84                  17
1763                     14.85                  15
1764                     14.84                  14
1765                     15.08                  16
1766                     14.84                  17
1767                     14.85                  16
1768                     15.01                  17
1769                     14.87                  19
1770                     14.86                  20
1771                     15.11                  22
1772                     14.89                  21
1773                     14.85                  19
1774                     15.89                  21
1775                     15.79                  19
1776                     15.80                  20
1777                     15.77                  16
1778                     15.88                  18
1779                     15.81                  17
1780                     15.74                  16
1781                     15.70                  17
1782                     15.71                  16
1783                     15.72                  17
1784                     15.70                  17
1785                     15.72                  16
1786                     15.91                  18
1787                     15.91                  19
1788                     15.89                  18
1789                     15.94                  17
1790                     16.56                  17
1791                     16.62                  17
1792                     15.81                  17
1793                     15.91                  16
1794                     15.97                  16
1795                     15.88                  15
1796                     15.83                  15
1797                     15.80                  15
1798                     16.01                  15
1799                     16.02                  16
