Frame        Inference_Time_ms    Objects_Detected
0                       173.41                  14
1                        30.05                  12
2                        28.61                  12
3                        28.27                  13
4                        28.38                  15
5                        28.51                  15
6                        28.15                  11
7                        21.49                  14
8                        17.36                  13
9                        17.33                  14
10                       17.36                  14
11                       17.28                  14
12                       17.31                  15
13                       17.12                  15
14                       16.95                  14
15                       16.93                  16
16                       17.00                  16
17                       16.96                  16
18                       16.98                  16
19                       15.72                  17
20                       14.96                  14
21                       14.32                  18
22                       14.18                  14
23                       14.07                  15
24                       14.14                  16
25                       14.03                  16
26                       14.00                  14
27                       14.24                  14
28                       14.14                  14
29                       14.07                  17
30                       14.25                  13
31                       14.14                  14
32                       14.50                  14
33                       14.17                  15
34                       14.15                  16
35                       14.12                  15
36                       14.09                  16
37                       14.08                  14
38                       14.03                  15
39                       14.31                  15
40                       14.16                  16
41                       14.39                  14
42                       14.09                  13
43                       14.47                  14
44                       14.01                  14
45                       14.24                  15
46                       14.07                  14
47                       14.09                  13
48                       14.39                  14
49                       14.40                  12
50                       14.23                  14
51                       14.17                  14
52                       14.25                  13
53                       14.06                  15
54                       14.07                  16
55                       14.12                  15
56                       14.02                  15
57                       14.16                  13
58                       14.09                  16
59                       14.06                  16
60                       13.99                  16
61                       14.00                  15
62                       14.20                  16
63                       14.03                  18
64                       14.17                  15
65                       14.11                  16
66                       14.13                  14
67                       14.11                  13
68                       14.21                  14
69                       14.08                  14
70                       14.09                  10
71                       14.08                  10
72                       14.10                  11
73                       14.27                  14
74                       14.69                  14
75                       14.71                  15
76                       14.71                  13
77                       14.72                  16
78                       14.66                  16
79                       14.76                  18
80                       14.62                  14
81                       14.59                  16
82                       14.58                  16
83                       14.44                  18
84                       14.46                  17
85                       14.48                  17
86                       14.47                  15
87                       14.47                  15
88                       14.48                  14
89                       14.48                  18
90                       14.45                  16
91                       14.46                  15
92                       14.47                  16
93                       14.46                  16
94                       14.43                  15
95                       14.44                  17
96                       14.46                  15
97                       14.95                  15
98                       14.99                  15
99                       14.82                  17
100                      14.43                  15
101                      14.51                  16
102                      15.25                  15
103                      14.71                  15
104                      19.47                  16
105                      16.12                  16
106                      30.62                  19
107                      15.39                  21
108                      35.13                  19
109                      24.46                  18
110                      15.94                  17
111                      15.66                  17
112                      15.47                  18
113                      26.81                  13
114                      15.92                  12
115                      15.65                  15
116                      27.05                  14
117                      15.63                  15
118                      15.34                  18
119                      32.43                  19
120                      15.75                  17
121                      15.65                  17
122                      26.69                  16
123                      15.62                  15
124                      15.41                  15
125                      27.55                  15
126                      25.37                  12
127                      15.27                  14
128                      14.82                  15
129                      24.57                  14
130                      15.79                  13
131                      18.91                  15
132                      32.94                  13
133                      15.44                  15
134                      14.90                  15
135                      37.19                  16
136                      21.81                  13
137                      15.60                  14
138                      14.96                  13
139                      15.02                  14
140                      14.72                  13
141                      27.34                  14
142                      14.97                  16
143                      14.78                  15
144                      14.52                  12
145                      28.65                  13
146                      15.06                  16
147                      14.76                  13
148                      19.87                  12
149                      15.38                  12
150                      14.89                  14
151                      29.99                  12
152                      14.91                  15
153                      14.88                  14
154                      31.07                  17
155                      15.48                  14
156                      15.28                  16
157                      28.40                  14
158                      15.28                  12
159                      15.67                  13
160                      14.87                  14
161                      28.55                  14
162                      14.89                  14
163                      14.60                  14
164                      18.27                  15
165                      15.46                  14
166                      15.06                  11
167                      20.50                  13
168                      15.43                  14
169                      15.15                  14
170                      29.37                  15
171                      14.86                  13
172                      14.59                  15
173                      23.23                  15
174                      15.38                  14
175                      15.15                  16
176                      27.61                  13
177                      15.06                  14
178                      15.46                  13
179                      28.53                  15
180                      14.80                  14
181                      15.05                  15
182                      14.82                  15
183                      23.86                  15
184                      14.67                  14
185                      14.59                  15
186                      28.45                  14
187                      15.13                  17
188                      15.77                  15
189                      14.71                  16
190                      28.65                  17
191                      16.08                  15
192                      15.62                  17
193                      15.55                  17
194                      15.67                  17
195                      27.89                  16
196                      15.17                  14
197                      14.62                  14
198                      24.62                  18
199                      15.09                  17
200                      14.99                  14
201                      34.45                  13
202                      16.40                  11
203                      15.08                  13
204                      35.45                  13
205                      16.80                  13
206                      15.82                  14
207                      15.65                  14
208                      15.65                  12
209                      38.48                  13
210                      15.71                  12
211                      15.45                  12
212                      15.61                  12
213                      15.22                  11
214                      27.84                  11
215                      15.67                  13
216                      15.09                  13
217                      39.37                  12
218                      15.54                  12
219                      15.06                  13
220                      32.84                  14
221                      15.21                  16
222                      14.91                  16
223                      14.91                  17
224                      24.85                  17
225                      16.00                  13
226                      36.67                  13
227                      15.44                  13
228                      15.11                  13
229                      15.42                  13
230                      28.85                  13
231                      15.48                  14
232                      14.77                  13
233                      31.29                  14
234                      15.06                  14
235                      14.63                  13
236                      29.30                  17
237                      15.30                  15
238                      14.78                  14
239                      16.96                  12
240                      15.31                  13
241                      14.76                  15
242                      29.26                  14
243                      15.83                  13
244                      15.49                  14
245                      30.07                  13
246                      15.01                  13
247                      14.76                  13
248                      27.02                  14
249                      14.90                  12
250                      14.31                  14
251                      28.50                  13
252                      15.44                  13
253                      15.10                  13
254                      14.61                  14
255                      19.44                  18
256                      14.95                  17
257                      29.54                  18
258                      14.84                  19
259                      15.45                  20
260                      14.71                  20
261                      24.82                  20
262                      15.26                  18
263                      14.67                  20
264                      30.89                  22
265                      15.05                  17
266                      15.11                  18
267                      29.03                  20
268                      15.28                  19
269                      15.38                  21
270                      25.99                  19
271                      18.90                  18
272                      14.54                  18
273                      34.80                  19
274                      14.95                  18
275                      14.91                  17
276                      14.62                  18
277                      18.56                  16
278                      14.96                  15
279                      14.28                  17
280                      18.09                  18
281                      15.15                  17
282                      14.65                  20
283                      15.44                  20
284                      15.97                  20
285                      14.76                  20
286                      24.31                  22
287                      15.17                  21
288                      15.18                  20
289                      25.72                  21
290                      14.97                  22
291                      14.50                  21
292                      25.10                  17
293                      14.96                  17
294                      14.49                  20
295                      32.23                  15
296                      15.48                  18
297                      15.46                  17
298                      35.39                  23
299                      14.97                  21
300                      14.79                  21
301                      14.55                  21
302                      15.24                  20
303                      14.93                  20
304                      14.80                  23
305                      30.01                  22
306                      14.57                  20
307                      14.34                  20
308                      35.68                  19
309                      14.81                  21
310                      14.29                  20
311                      35.99                  19
312                      15.38                  20
313                      14.93                  22
314                      27.71                  21
315                      15.16                  22
316                      14.89                  23
317                      35.71                  24
318                      14.94                  23
319                      14.77                  24
320                      34.22                  22
321                      14.94                  21
322                      15.12                  22
323                      14.58                  22
324                      21.47                  21
325                      14.96                  21
326                      34.61                  21
327                      24.46                  21
328                      15.61                  22
329                      15.49                  22
330                      38.77                  23
331                      15.15                  25
332                      15.02                  24
333                      37.39                  22
334                      15.27                  22
335                      15.59                  23
336                      38.21                  20
337                      15.20                  24
338                      15.51                  22
339                      15.56                  20
340                      32.58                  23
341                      15.34                  18
342                      15.27                  21
343                      37.51                  19
344                      15.34                  14
345                      15.05                  17
346                      37.57                  19
347                      15.36                  21
348                      15.78                  21
349                      38.81                  20
350                      21.08                  21
351                      15.32                  18
352                      40.39                  18
353                      16.32                  18
354                      15.33                  19
355                      14.94                  18
356                      27.38                  18
357                      15.72                  16
358                      15.15                  17
359                      18.03                  19
360                      14.58                  17
361                      14.38                  16
362                      21.41                  17
363                      14.51                  18
364                      14.41                  17
365                      17.99                  16
366                      14.08                  17
367                      14.30                  17
368                      21.41                  16
369                      14.06                  20
370                      14.07                  20
371                      14.08                  19
372                      14.41                  22
373                      14.17                  24
374                      21.62                  24
375                      14.32                  23
376                      14.21                  21
377                      14.11                  20
378                      14.24                  22
379                      14.02                  19
380                      20.95                  20
381                      14.31                  20
382                      14.21                  17
383                      14.14                  19
384                      24.54                  19
385                      14.34                  20
386                      14.15                  19
387                      19.20                  19
388                      14.08                  17
389                      14.14                  20
390                      21.32                  20
391                      14.34                  19
392                      14.24                  20
393                      18.49                  20
394                      14.58                  19
395                      14.50                  19
396                      14.44                  23
397                      14.30                  20
398                      14.10                  19
399                      20.77                  19
400                      14.55                  20
401                      14.58                  20
402                      14.17                  20
403                      14.35                  16
404                      14.24                  19
405                      14.10                  18
406                      14.17                  16
407                      14.23                  17
408                      14.24                  19
409                      14.31                  18
410                      14.28                  17
411                      14.23                  14
412                      14.30                  20
413                      14.25                  16
414                      14.24                  22
415                      19.79                  20
416                      14.65                  19
417                      14.57                  20
418                      21.34                  17
419                      14.38                  19
420                      14.15                  20
421                      14.18                  19
422                      26.88                  18
423                      14.84                  21
424                      14.39                  19
425                      18.31                  15
426                      14.50                  17
427                      28.15                  18
428                      14.83                  18
429                      15.88                  21
430                      14.75                  16
431                      26.30                  21
432                      14.97                  20
433                      14.56                  20
434                      14.21                  22
435                      15.23                  19
436                      14.81                  19
437                      26.95                  19
438                      14.63                  18
439                      14.80                  15
440                      14.27                  18
441                      18.97                  17
442                      15.48                  20
443                      14.99                  21
444                      25.48                  23
445                      15.33                  20
446                      14.75                  20
447                      27.36                  21
448                      15.32                  18
449                      15.08                  20
450                      30.02                  19
451                      15.00                  19
452                      14.45                  16
453                      25.53                  17
454                      15.00                  17
455                      14.79                  20
456                      27.27                  17
457                      21.11                  19
458                      14.47                  18
459                      14.27                  20
460                      29.96                  19
461                      14.72                  20
462                      14.27                  19
463                      35.46                  24
464                      14.65                  23
465                      14.20                  24
466                      32.67                  22
467                      14.73                  25
468                      14.56                  21
469                      14.25                  26
470                      14.84                  22
471                      15.23                  23
472                      32.62                  22
473                      14.61                  25
474                      14.55                  23
475                      14.14                  23
476                      18.37                  26
477                      15.36                  21
478                      14.40                  24
479                      18.38                  23
480                      14.91                  24
481                      14.35                  21
482                      30.70                  21
483                      14.83                  26
484                      14.93                  21
485                      28.09                  24
486                      14.41                  20
487                      14.26                  24
488                      28.07                  19
489                      14.61                  20
490                      14.53                  21
491                      28.32                  23
492                      14.80                  21
493                      14.52                  22
494                      28.44                  21
495                      14.39                  17
496                      14.34                  19
497                      21.72                  19
498                      14.91                  19
499                      14.91                  19
500                      27.84                  20
501                      15.27                  20
502                      15.96                  20
503                      15.50                  17
504                      28.36                  18
505                      15.06                  19
506                      14.66                  18
507                      28.36                  18
508                      14.17                  17
509                      14.39                  18
510                      32.56                  17
511                      15.40                  22
512                      14.78                  20
513                      14.29                  20
514                      15.51                  21
515                      14.59                  21
516                      25.38                  21
517                      21.57                  23
518                      15.26                  21
519                      29.80                  19
520                      18.33                  23
521                      15.60                  19
522                      16.24                  19
523                      21.82                  22
524                      15.46                  20
525                      14.69                  20
526                      26.81                  21
527                      15.48                  18
528                      15.26                  19
529                      32.52                  19
530                      14.99                  19
531                      15.47                  20
532                      33.29                  21
533                      14.83                  20
534                      14.80                  19
535                      31.87                  20
536                      14.89                  20
537                      14.97                  19
538                      15.12                  19
539                      14.26                  17
540                      15.05                  17
541                      26.63                  17
542                      19.11                  18
543                      15.48                  22
544                      14.77                  19
545                      33.70                  20
546                      15.15                  18
547                      14.54                  21
548                      21.96                  21
549                      14.21                  22
550                      14.10                  25
551                      14.19                  17
552                      14.29                  17
553                      14.53                  18
554                      17.88                  16
555                      14.93                  16
556                      14.43                  18
557                      21.43                  18
558                      14.36                  17
559                      14.22                  18
560                      14.19                  17
561                      14.25                  16
562                      14.18                  16
563                      14.16                  16
564                      14.27                  15
565                      14.25                  15
566                      20.80                  16
567                      14.24                  16
568                      14.31                  17
569                      14.16                  18
570                      14.16                  18
571                      14.10                  20
572                      14.31                  19
573                      14.15                  19
574                      14.22                  17
575                      21.17                  18
576                      14.59                  19
577                      14.35                  17
578                      14.26                  18
579                      27.43                  17
580                      15.26                  17
581                      14.59                  17
582                      35.23                  15
583                      15.12                  15
584                      14.56                  17
585                      35.01                  19
586                      14.61                  18
587                      14.69                  17
588                      27.22                  16
589                      21.37                  15
590                      14.99                  16
591                      14.35                  15
592                      21.93                  16
593                      15.17                  16
594                      15.64                  17
595                      28.06                  17
596                      14.76                  17
597                      14.58                  16
598                      22.60                  16
599                      14.48                  16
600                      14.25                  16
601                      21.50                  15
602                      15.16                  17
603                      15.25                  16
604                      30.70                  16
605                      15.08                  17
606                      14.60                  16
607                      29.63                  15
608                      15.06                  16
609                      14.48                  15
610                      21.33                  16
611                      14.50                  17
612                      14.23                  17
613                      14.15                  18
614                      14.29                  18
615                      14.13                  16
616                      20.81                  17
617                      14.48                  17
618                      14.23                  18
619                      14.99                  18
620                      14.29                  18
621                      14.50                  19
622                      14.99                  18
623                      15.55                  21
624                      25.07                  19
625                      16.35                  21
626                      15.84                  21
627                      15.48                  21
628                      15.23                  21
629                      16.03                  20
630                      14.21                  19
631                      14.09                  19
632                      14.08                  17
633                      14.08                  18
634                      14.08                  17
635                      21.02                  14
636                      14.39                  15
637                      14.28                  16
638                      14.17                  17
639                      14.23                  16
640                      14.24                  18
641                      28.01                  17
642                      15.41                  18
643                      15.49                  18
644                      16.00                  18
645                      33.29                  18
646                      14.38                  16
647                      30.36                  18
648                      21.46                  18
649                      16.23                  18
650                      15.75                  21
651                      37.16                  22
652                      15.01                  21
653                      14.61                  21
654                      25.86                  21
655                      21.91                  20
656                      15.00                  18
657                      35.78                  17
658                      15.30                  18
659                      14.70                  19
660                      38.35                  19
661                      15.28                  19
662                      14.97                  22
663                      29.72                  20
664                      15.86                  21
665                      15.49                  19
666                      26.43                  20
667                      26.81                  20
668                      15.31                  21
669                      14.55                  21
670                      39.96                  20
671                      15.23                  20
672                      14.57                  19
673                      34.22                  20
674                      14.64                  21
675                      14.42                  21
676                      32.31                  20
677                      16.57                  18
678                      15.38                  19
679                      14.66                  22
680                      27.06                  22
681                      14.58                  22
682                      14.25                  22
683                      30.45                  21
684                      14.64                  21
685                      29.85                  22
686                      21.15                  21
687                      15.96                  20
688                      32.40                  19
689                      14.64                  21
690                      14.83                  19
691                      14.99                  19
692                      15.59                  17
693                      15.12                  19
694                      14.29                  19
695                      32.64                  19
696                      14.90                  18
697                      14.53                  19
698                      14.26                  18
699                      14.93                  19
700                      15.23                  20
701                      28.92                  21
702                      31.17                  20
703                      16.49                  20
704                      15.84                  21
705                      16.07                  20
706                      35.79                  23
707                      19.12                  24
708                      15.34                  24
709                      15.17                  22
710                      27.38                  22
711                      27.68                  22
712                      15.60                  23
713                      15.60                  22
714                      38.29                  25
715                      15.35                  24
716                      14.83                  23
717                      39.50                  22
718                      19.22                  19
719                      15.61                  22
720                      15.23                  22
721                      24.87                  23
722                      15.76                  24
723                      15.77                  25
724                      39.11                  23
725                      15.35                  26
726                      15.22                  22
727                      37.17                  25
728                      15.33                  24
729                      14.77                  23
730                      30.85                  26
731                      15.38                  24
732                      15.17                  18
733                      39.62                  18
734                      15.21                  21
735                      15.28                  24
736                      15.21                  21
737                      14.79                  18
738                      14.32                  21
739                      27.18                  19
740                      14.32                  19
741                      14.13                  20
742                      28.01                  19
743                      14.89                  20
744                      14.34                  19
745                      23.72                  16
746                      14.46                  19
747                      20.99                  17
748                      14.94                  19
749                      15.10                  24
750                      14.95                  22
751                      14.49                  20
752                      14.73                  23
753                      15.16                  20
754                      15.76                  22
755                      23.93                  20
756                      15.04                  20
757                      14.76                  20
758                      21.12                  15
759                      14.03                  19
760                      14.05                  17
761                      20.99                  18
762                      13.98                  17
763                      14.22                  20
764                      21.19                  20
765                      14.11                  21
766                      14.03                  23
767                      27.25                  22
768                      14.19                  21
769                      14.22                  17
770                      21.15                  20
771                      14.07                  17
772                      14.04                  19
773                      14.47                  16
774                      14.59                  18
775                      15.18                  15
776                      14.41                  19
777                      14.46                  19
778                      14.28                  19
779                      27.23                  21
780                      14.29                  20
781                      14.30                  18
782                      14.15                  18
783                      14.29                  20
784                      14.15                  20
785                      14.40                  19
786                      28.22                  17
787                      14.48                  19
788                      14.23                  19
789                      14.10                  19
790                      14.13                  20
791                      14.06                  19
792                      20.19                  16
793                      14.22                  17
794                      14.13                  17
795                      21.03                  17
796                      14.26                  19
797                      14.04                  17
798                      14.03                  18
799                      14.28                  15
800                      14.15                  18
801                      14.03                  18
802                      14.04                  18
803                      13.99                  21
804                      14.00                  19
805                      14.01                  20
806                      13.96                  20
807                      13.98                  18
808                      13.97                  19
809                      13.99                  18
810                      13.99                  19
811                      14.06                  20
812                      14.02                  17
813                      13.98                  16
814                      14.09                  19
815                      14.02                  17
816                      14.24                  21
817                      14.13                  22
818                      14.09                  22
819                      14.04                  21
820                      14.18                  20
821                      14.04                  22
822                      14.03                  26
823                      14.02                  23
824                      14.07                  23
825                      14.08                  24
826                      14.06                  24
827                      14.03                  23
828                      34.43                  21
829                      30.07                  21
830                      15.64                  22
831                      15.00                  22
832                      37.28                  20
833                      15.93                  19
834                      15.06                  16
835                      37.57                  19
836                      21.87                  20
837                      14.96                  21
838                      36.74                  19
839                      25.23                  19
840                      15.97                  18
841                      15.79                  18
842                      30.18                  18
843                      15.95                  17
844                      15.51                  17
845                      38.47                  19
846                      17.62                  20
847                      15.95                  18
848                      34.77                  19
849                      15.64                  23
850                      15.58                  21
851                      37.88                  20
852                      16.92                  19
853                      14.85                  17
854                      33.33                  17
855                      27.76                  16
856                      16.05                  17
857                      15.15                  19
858                      36.99                  21
859                      15.48                  23
860                      23.24                  23
861                      15.33                  22
862                      15.44                  22
863                      14.80                  22
864                      19.20                  22
865                      15.19                  22
866                      15.05                  23
867                      18.74                  21
868                      15.09                  22
869                      14.65                  20
870                      29.05                  20
871                      14.69                  21
872                      14.55                  19
873                      26.21                  22
874                      15.43                  22
875                      15.10                  20
876                      19.38                  22
877                      15.36                  24
878                      16.04                  21
879                      15.26                  23
880                      24.77                  23
881                      14.97                  24
882                      14.87                  22
883                      28.54                  23
884                      14.49                  23
885                      14.43                  21
886                      28.60                  20
887                      15.43                  21
888                      15.18                  19
889                      14.64                  21
890                      15.33                  21
891                      14.86                  21
892                      15.24                  20
893                      15.05                  21
894                      15.65                  21
895                      14.73                  22
896                      29.15                  20
897                      14.80                  21
898                      14.52                  20
899                      22.91                  18
900                      15.13                  21
901                      15.12                  22
902                      29.34                  20
903                      15.33                  19
904                      15.24                  18
905                      28.20                  19
906                      14.56                  20
907                      14.72                  19
908                      14.66                  22
909                      14.68                  20
910                      14.92                  21
911                      14.75                  22
912                      16.23                  22
913                      15.16                  22
914                      14.66                  23
915                      25.63                  22
916                      15.02                  22
917                      14.82                  23
918                      23.16                  20
919                      15.76                  18
920                      15.60                  16
921                      28.33                  16
922                      14.86                  16
923                      14.30                  18
924                      14.35                  17
925                      14.34                  18
926                      14.22                  20
927                      14.02                  19
928                      14.01                  19
929                      14.26                  21
930                      14.24                  23
931                      14.11                  21
932                      14.00                  20
933                      14.08                  19
934                      14.00                  21
935                      14.22                  19
936                      14.33                  19
937                      15.00                  17
938                      14.65                  21
939                      14.13                  19
940                      14.30                  20
941                      14.16                  17
942                      13.98                  19
943                      14.44                  17
944                      14.27                  15
945                      14.17                  13
946                      14.24                  13
947                      14.00                  12
948                      14.29                  12
949                      14.13                  12
950                      14.01                  16
951                      14.08                  16
952                      13.99                  13
953                      14.68                  13
954                      14.22                  11
955                      14.47                  13
956                      14.38                  12
957                      14.28                  13
958                      14.12                  11
959                      14.45                  11
960                      14.14                  13
961                      14.09                  12
962                      14.51                  13
963                      14.26                  14
964                      19.05                  12
965                      14.86                  13
966                      14.24                  15
967                      14.14                  14
968                      15.12                  13
969                      14.37                  12
970                      14.29                  13
971                      18.79                  13
972                      14.80                  14
973                      14.38                  12
974                      14.20                  14
975                      14.04                  15
976                      18.81                  15
977                      14.60                  15
978                      14.70                  13
979                      14.64                  14
980                      15.30                  12
981                      14.76                  12
982                      14.25                  12
983                      14.77                  13
984                      14.79                  14
985                      14.37                  13
986                      14.11                  13
987                      14.05                  14
988                      14.03                  14
989                      14.11                  13
990                      14.24                  12
991                      14.20                  12
992                      14.10                  13
993                      14.01                  13
994                      14.00                  13
995                      14.24                  14
996                      14.03                  14
997                      14.04                  12
998                      14.02                  13
999                      14.28                  14
1000                     14.07                  17
1001                     14.03                  15
1002                     14.16                  15
1003                     14.00                  15
1004                     14.02                  16
1005                     14.03                  16
1006                     13.99                  14
1007                     14.01                  14
1008                     14.06                  15
1009                     14.63                  14
1010                     14.20                  16
1011                     14.07                  17
1012                     14.02                  16
1013                     14.04                  17
1014                     13.94                  16
1015                     14.49                  15
1016                     31.88                  15
1017                     27.23                  16
1018                     15.28                  15
1019                     14.70                  14
1020                     24.77                  14
1021                     15.72                  13
1022                     30.84                  14
1023                     20.79                  13
1024                     15.39                  12
1025                     15.23                  14
1026                     34.01                  14
1027                     15.41                  15
1028                     14.80                  16
1029                     34.77                  16
1030                     16.39                  16
1031                     14.92                  13
1032                     37.32                  13
1033                     15.48                  13
1034                     15.50                  13
1035                     33.62                  13
1036                     15.79                  15
1037                     15.31                  14
1038                     36.32                  16
1039                     16.16                  14
1040                     16.16                  16
1041                     15.66                  14
1042                     27.20                  13
1043                     15.38                  16
1044                     14.67                  14
1045                     26.92                  15
1046                     14.89                  14
1047                     14.71                  14
1048                     26.92                  14
1049                     14.93                  13
1050                     14.40                  11
1051                     29.32                  13
1052                     15.27                  10
1053                     14.35                  14
1054                     29.34                  13
1055                     15.25                  12
1056                     15.19                  13
1057                     27.30                  17
1058                     15.12                  15
1059                     14.97                  16
1060                     32.41                  16
1061                     18.74                  16
1062                     15.55                  14
1063                     25.75                  14
1064                     26.30                  14
1065                     14.99                  17
1066                     14.65                  15
1067                     33.13                  14
1068                     14.63                  14
1069                     14.26                  11
1070                     29.94                  14
1071                     14.90                  13
1072                     14.53                  12
1073                     34.54                  13
1074                     14.83                  14
1075                     14.20                  12
1076                     27.81                  15
1077                     22.03                  18
1078                     14.78                  17
1079                     14.44                  15
1080                     14.63                  16
1081                     14.42                  18
1082                     14.09                  14
1083                     14.36                  12
1084                     14.62                  11
1085                     14.22                  13
1086                     21.26                  11
1087                     15.55                  17
1088                     14.48                  17
1089                     26.80                  17
1090                     15.19                  19
1091                     14.50                  19
1092                     28.64                  17
1093                     14.90                  19
1094                     14.69                  20
1095                     28.24                  21
1096                     14.34                  18
1097                     14.62                  16
1098                     28.08                  18
1099                     14.50                  16
1100                     14.23                  17
1101                     27.98                  17
1102                     14.36                  15
1103                     14.42                  16
1104                     14.35                  17
1105                     20.11                  16
1106                     14.51                  17
1107                     14.26                  16
1108                     24.34                  17
1109                     14.96                  17
1110                     14.21                  17
1111                     28.61                  16
1112                     14.94                  16
1113                     14.52                  21
1114                     28.22                  17
1115                     14.27                  17
1116                     14.62                  16
1117                     28.40                  17
1118                     14.77                  17
1119                     14.39                  14
1120                     27.69                  13
1121                     14.92                  16
1122                     14.57                  14
1123                     28.15                  13
1124                     14.69                  13
1125                     14.90                  14
1126                     14.39                  15
1127                     14.93                  14
1128                     15.11                  15
1129                     18.86                  12
1130                     17.75                  15
1131                     15.09                  14
1132                     14.23                  14
1133                     14.46                  13
1134                     14.65                  15
1135                     14.32                  17
1136                     14.70                  15
1137                     14.55                  13
1138                     14.17                  16
1139                     14.51                  16
1140                     14.38                  17
1141                     14.30                  18
1142                     28.24                  15
1143                     15.73                  15
1144                     14.65                  17
1145                     36.07                  17
1146                     15.05                  17
1147                     14.60                  17
1148                     32.06                  15
1149                     15.59                  20
1150                     14.72                  14
1151                     33.72                  14
1152                     19.39                  17
1153                     16.16                  15
1154                     28.44                  15
1155                     15.00                  13
1156                     14.81                  13
1157                     35.48                  14
1158                     15.39                  14
1159                     15.31                  16
1160                     29.93                  17
1161                     21.06                  18
1162                     15.50                  14
1163                     15.09                  14
1164                     19.41                  12
1165                     16.15                  13
1166                     15.71                  14
1167                     37.38                  16
1168                     15.12                  16
1169                     14.80                  14
1170                     30.94                  14
1171                     15.53                  15
1172                     15.91                  16
1173                     27.76                  15
1174                     15.00                  18
1175                     14.80                  18
1176                     28.10                  20
1177                     15.28                  16
1178                     14.79                  18
1179                     30.24                  19
1180                     15.01                  17
1181                     14.63                  17
1182                     14.41                  17
1183                     18.96                  18
1184                     15.39                  15
1185                     14.49                  17
1186                     14.87                  15
1187                     14.68                  16
1188                     14.51                  15
1189                     20.30                  16
1190                     15.32                  15
1191                     14.90                  13
1192                     26.65                  12
1193                     14.52                  13
1194                     14.55                  11
1195                     24.86                  12
1196                     14.98                  12
1197                     14.73                  13
1198                     30.31                  12
1199                     15.03                  14
1200                     15.20                  14
1201                     15.09                  12
1202                     29.10                  13
1203                     14.56                  11
1204                     14.33                  12
1205                     21.43                  11
1206                     14.03                  12
1207                     14.01                  14
1208                     16.81                  12
1209                     14.63                  14
1210                     14.14                  14
1211                     20.97                  15
1212                     14.28                  16
1213                     14.21                  14
1214                     20.65                  15
1215                     14.27                  16
1216                     14.33                  16
1217                     14.21                  16
1218                     14.51                  16
1219                     14.23                  15
1220                     21.76                  17
1221                     14.49                  19
1222                     14.65                  16
1223                     21.53                  16
1224                     14.43                  16
1225                     14.43                  17
1226                     14.11                  14
1227                     14.55                  16
1228                     14.74                  14
1229                     14.09                  14
1230                     14.63                  13
1231                     14.60                  13
1232                     14.20                  14
1233                     14.35                  14
1234                     14.13                  15
1235                     13.98                  15
1236                     21.43                  14
1237                     14.34                  15
1238                     14.17                  17
1239                     21.58                  18
1240                     14.11                  16
1241                     13.99                  13
1242                     13.99                  15
1243                     14.19                  13
1244                     20.81                  13
1245                     14.70                  15
1246                     14.97                  14
1247                     15.18                  13
1248                     15.38                  13
1249                     15.82                  15
1250                     25.01                  14
1251                     16.69                  14
1252                     15.80                  15
1253                     15.59                  15
1254                     14.70                  15
1255                     22.19                  14
1256                     14.21                  13
1257                     14.16                  13
1258                     20.75                  18
1259                     14.03                  15
1260                     14.01                  16
1261                     21.38                  15
1262                     14.00                  15
1263                     14.01                  13
1264                     20.90                  15
1265                     14.15                  13
1266                     14.00                  12
1267                     14.39                  12
1268                     14.09                  15
1269                     14.02                  15
1270                     14.05                  13
1271                     14.13                  12
1272                     14.13                  12
1273                     14.34                  14
1274                     14.45                  14
1275                     14.15                  14
1276                     14.52                  14
1277                     14.61                  15
1278                     14.09                  15
1279                     14.15                  13
1280                     14.01                  15
1281                     14.07                  13
1282                     14.04                  17
1283                     13.98                  14
1284                     13.98                  16
1285                     13.97                  14
1286                     13.95                  14
1287                     13.95                  15
1288                     14.07                  17
1289                     13.99                  17
1290                     14.28                  15
1291                     14.40                  16
1292                     14.22                  15
1293                     14.15                  15
1294                     14.24                  13
1295                     14.22                  13
1296                     14.21                  15
1297                     28.25                  15
1298                     14.99                  13
1299                     14.48                  16
1300                     14.22                  15
1301                     14.68                  17
1302                     14.35                  18
1303                     14.59                  19
1304                     20.91                  19
1305                     14.65                  17
1306                     14.24                  19
1307                     18.00                  17
1308                     15.21                  16
1309                     14.87                  17
1310                     25.41                  15
1311                     14.97                  15
1312                     15.24                  16
1313                     14.34                  14
1314                     14.34                  14
1315                     14.12                  17
1316                     15.11                  15
1317                     14.72                  16
1318                     14.39                  17
1319                     14.21                  17
1320                     26.18                  15
1321                     14.40                  15
1322                     14.07                  14
1323                     21.40                  13
1324                     14.19                  13
1325                     14.11                  13
1326                     14.45                  12
1327                     14.69                  13
1328                     14.50                  14
1329                     22.15                  15
1330                     14.20                  12
1331                     14.07                  15
1332                     20.55                  15
1333                     14.00                  15
1334                     14.67                  17
1335                     14.39                  17
1336                     13.97                  17
1337                     14.37                  15
1338                     21.01                  15
1339                     14.08                  16
1340                     14.01                  12
1341                     21.58                  14
1342                     14.18                  16
1343                     14.44                  16
1344                     14.12                  17
1345                     15.28                  13
1346                     14.53                  15
1347                     21.47                  16
1348                     14.38                  14
1349                     14.88                  14
1350                     14.33                  13
1351                     15.03                  12
1352                     14.37                  15
1353                     14.18                  12
1354                     18.78                  13
1355                     14.15                  14
1356                     14.27                  16
1357                     14.73                  12
1358                     14.38                  14
1359                     14.63                  14
1360                     29.14                  15
1361                     14.80                  13
1362                     14.28                  15
1363                     27.69                  15
1364                     15.37                  14
1365                     14.61                  12
1366                     14.33                  13
1367                     15.25                  12
1368                     14.51                  12
1369                     18.93                  15
1370                     26.20                  16
1371                     14.70                  14
1372                     14.19                  13
1373                     24.64                  11
1374                     14.92                  11
1375                     14.65                  15
1376                     27.42                  12
1377                     14.61                  13
1378                     14.54                  13
1379                     20.30                  14
1380                     15.91                  16
1381                     15.83                  16
1382                     26.59                  15
1383                     15.20                  15
1384                     14.89                  15
1385                     27.56                  16
1386                     15.00                  16
1387                     15.34                  16
1388                     30.77                  17
1389                     14.95                  15
1390                     14.55                  14
1391                     14.32                  14
1392                     28.48                  15
1393                     16.16                  17
1394                     25.99                  15
1395                     26.98                  14
1396                     15.71                  14
1397                     14.71                  16
1398                     33.79                  14
1399                     15.73                  16
1400                     14.59                  15
1401                     33.86                  13
1402                     17.77                  13
1403                     15.00                  14
1404                     39.61                  14
1405                     15.22                  14
1406                     14.71                  13
1407                     28.63                  15
1408                     24.41                  13
1409                     14.88                  14
1410                     25.81                  14
1411                     23.02                  13
1412                     14.82                  11
1413                     28.90                  13
1414                     25.83                  14
1415                     15.31                  13
1416                     14.98                  14
1417                     29.95                  13
1418                     16.10                  13
1419                     15.24                  13
1420                     29.10                  14
1421                     21.83                  14
1422                     15.93                  15
1423                     15.59                  16
1424                     14.44                  16
1425                     14.19                  16
1426                     14.06                  14
1427                     18.29                  13
1428                     14.53                  13
1429                     14.21                  15
1430                     14.31                  15
1431                     14.46                  13
1432                     14.24                  16
1433                     22.85                  14
1434                     14.34                  14
1435                     14.03                  14
1436                     25.76                  15
1437                     14.65                  16
1438                     14.37                  14
1439                     27.96                  12
1440                     14.32                  12
1441                     14.12                  12
1442                     14.27                  14
1443                     14.24                  13
1444                     13.99                  13
1445                     14.00                  11
1446                     14.10                  12
1447                     14.03                  13
1448                     14.09                  16
1449                     14.11                  12
1450                     13.99                  13
1451                     13.99                  13
1452                     19.05                  11
1453                     14.67                  13
1454                     14.28                  16
1455                     14.09                  17
1456                     13.99                  17
1457                     14.12                  18
1458                     14.28                  18
1459                     14.13                  19
1460                     13.98                  19
1461                     14.41                  20
1462                     14.14                  21
1463                     14.14                  20
1464                     13.99                  19
1465                     14.04                  18
1466                     14.03                  17
1467                     14.28                  19
1468                     14.26                  20
1469                     14.04                  19
1470                     14.03                  20
1471                     14.32                  19
1472                     14.00                  19
1473                     14.51                  19
1474                     14.30                  17
1475                     14.03                  15
1476                     14.12                  16
1477                     14.05                  17
1478                     14.00                  17
1479                     14.29                  18
1480                     14.10                  17
1481                     14.08                  19
1482                     14.22                  20
1483                     14.16                  21
1484                     14.04                  20
1485                     22.11                  17
1486                     14.68                  19
1487                     14.54                  21
1488                     27.41                  22
1489                     15.20                  20
1490                     14.46                  20
1491                     28.16                  21
1492                     14.97                  17
1493                     14.67                  18
1494                     26.14                  18
1495                     14.55                  16
1496                     14.43                  18
1497                     26.99                  18
1498                     14.81                  21
1499                     14.30                  20
1500                     14.51                  21
1501                     14.67                  21
1502                     15.02                  21
1503                     15.19                  20
1504                     26.00                  21
1505                     14.61                  22
1506                     14.59                  20
1507                     23.14                  20
1508                     14.47                  20
1509                     14.18                  20
1510                     20.31                  21
1511                     15.48                  19
1512                     14.66                  20
1513                     27.63                  23
1514                     14.91                  23
1515                     14.49                  23
1516                     14.16                  22
1517                     15.21                  23
1518                     15.18                  23
1519                     21.46                  23
1520                     14.10                  22
1521                     14.51                  23
1522                     14.75                  22
1523                     14.81                  21
1524                     14.79                  21
1525                     14.43                  19
1526                     14.84                  21
1527                     14.43                  23
1528                     14.55                  24
1529                     22.81                  24
1530                     14.28                  22
1531                     14.21                  22
1532                     14.47                  24
1533                     14.39                  23
1534                     14.04                  23
1535                     23.89                  21
1536                     14.52                  23
1537                     14.18                  21
1538                     22.13                  20
1539                     14.44                  25
1540                     14.49                  22
1541                     21.56                  19
1542                     14.37                  18
1543                     14.37                  17
1544                     21.63                  18
1545                     14.94                  19
1546                     14.67                  20
1547                     35.21                  19
1548                     25.17                  21
1549                     15.73                  21
1550                     14.60                  21
1551                     24.91                  18
1552                     15.92                  21
1553                     15.26                  17
1554                     38.38                  18
1555                     15.39                  19
1556                     14.52                  17
1557                     28.06                  17
1558                     16.31                  19
1559                     15.58                  19
1560                     26.54                  17
1561                     21.99                  18
1562                     16.16                  18
1563                     16.04                  19
1564                     34.03                  16
1565                     15.49                  19
1566                     14.59                  17
1567                     36.28                  16
1568                     15.44                  18
1569                     14.73                  20
1570                     37.34                  20
1571                     15.78                  19
1572                     15.01                  21
1573                     34.02                  21
1574                     15.73                  23
1575                     15.74                  24
1576                     38.49                  22
1577                     15.79                  24
1578                     15.92                  22
1579                     29.27                  20
1580                     15.15                  19
1581                     14.49                  22
1582                     33.04                  22
1583                     15.04                  20
1584                     14.54                  19
1585                     16.64                  16
1586                     25.57                  16
1587                     14.82                  16
1588                     14.56                  19
1589                     15.64                  19
1590                     15.30                  19
1591                     14.64                  19
1592                     21.36                  19
1593                     15.46                  21
1594                     33.51                  18
1595                     15.17                  20
1596                     15.91                  22
1597                     15.63                  21
1598                     29.45                  20
1599                     15.35                  20
1600                     15.04                  19
1601                     19.05                  20
1602                     15.15                  18
1603                     14.48                  18
1604                     35.17                  18
1605                     15.13                  18
1606                     15.13                  15
1607                     15.12                  16
1608                     15.52                  18
1609                     15.82                  19
1610                     15.29                  20
1611                     30.83                  18
1612                     16.16                  20
1613                     15.42                  17
1614                     38.07                  17
1615                     15.59                  20
1616                     26.16                  17
1617                     26.81                  20
1618                     15.92                  19
1619                     15.29                  19
1620                     39.40                  21
1621                     15.87                  17
1622                     14.89                  19
1623                     33.62                  17
1624                     14.87                  16
1625                     14.69                  15
1626                     36.57                  14
1627                     15.58                  18
1628                     15.85                  17
1629                     37.87                  18
1630                     15.34                  15
1631                     15.72                  20
1632                     34.72                  19
1633                     14.99                  24
1634                     14.75                  23
1635                     39.58                  20
1636                     15.78                  22
1637                     15.74                  17
1638                     15.41                  18
1639                     30.50                  17
1640                     16.17                  20
1641                     15.27                  17
1642                     14.40                  21
1643                     14.16                  21
1644                     14.03                  22
1645                     14.29                  21
1646                     14.11                  24
1647                     14.35                  21
1648                     20.74                  19
1649                     14.61                  22
1650                     14.16                  19
1651                     21.79                  18
1652                     14.94                  19
1653                     14.15                  18
1654                     21.94                  17
1655                     14.96                  20
1656                     14.08                  18
1657                     19.87                  19
1658                     14.76                  20
1659                     14.45                  18
1660                     27.33                  18
1661                     14.45                  18
1662                     14.92                  15
1663                     21.71                  22
1664                     14.11                  23
1665                     14.01                  22
1666                     18.48                  22
1667                     14.48                  24
1668                     14.59                  21
1669                     27.95                  21
1670                     14.44                  25
1671                     14.19                  22
1672                     27.38                  27
1673                     14.38                  25
1674                     14.44                  25
1675                     14.14                  23
1676                     15.49                  24
1677                     15.32                  23
1678                     14.84                  24
1679                     27.81                  22
1680                     14.52                  22
1681                     31.90                  21
1682                     15.02                  23
1683                     15.78                  25
1684                     15.09                  22
1685                     25.31                  22
1686                     15.61                  21
1687                     15.19                  20
1688                     23.25                  20
1689                     15.11                  21
1690                     14.95                  21
1691                     20.39                  23
1692                     14.90                  19
1693                     15.23                  19
1694                     28.05                  21
1695                     15.43                  19
1696                     15.12                  19
1697                     28.62                  18
1698                     14.88                  20
1699                     14.61                  19
1700                     34.20                  20
1701                     15.20                  19
1702                     15.34                  18
1703                     14.34                  17
1704                     14.73                  19
1705                     14.27                  16
1706                     27.13                  18
1707                     15.47                  19
1708                     16.11                  17
1709                     29.92                  17
1710                     15.98                  19
1711                     15.69                  19
1712                     15.77                  20
1713                     16.52                  21
1714                     15.65                  22
1715                     23.48                  21
1716                     15.39                  21
1717                     15.97                  21
1718                     16.74                  20
1719                     15.05                  21
1720                     15.66                  21
1721                     23.81                  18
1722                     15.84                  21
1723                     15.68                  21
1724                     15.56                  21
1725                     15.40                  21
1726                     15.49                  18
1727                     24.70                  19
1728                     15.99                  20
1729                     16.01                  20
1730                     15.75                  19
1731                     15.86                  21
1732                     15.41                  19
1733                     23.67                  19
1734                     16.01                  20
1735                     16.02                  19
1736                     15.98                  18
1737                     15.70                  18
1738                     15.50                  17
1739                     23.34                  18
1740                     15.53                  19
1741                     15.49                  20
1742                     15.78                  20
1743                     15.68                  21
1744                     22.26                  22
1745                     15.33                  20
1746                     14.95                  24
1747                     15.43                  25
1748                     15.78                  21
1749                     16.18                  21
1750                     14.66                  24
1751                     14.36                  21
1752                     14.13                  18
1753                     21.04                  19
1754                     14.64                  17
1755                     14.48                  16
1756                     14.21                  17
1757                     23.70                  17
1758                     15.13                  16
1759                     14.23                  18
1760                     20.18                  18
1761                     14.67                  18
1762                     14.11                  17
1763                     15.14                  15
1764                     14.34                  14
1765                     14.55                  16
1766                     32.57                  17
1767                     15.70                  16
1768                     15.94                  17
1769                     25.08                  19
1770                     15.23                  20
1771                     15.80                  22
1772                     34.82                  21
1773                     15.25                  19
1774                     16.20                  21
1775                     15.92                  19
1776                     21.35                  20
1777                     14.92                  16
1778                     14.58                  18
1779                     15.37                  17
1780                     16.60                  16
1781                     36.01                  17
1782                     15.13                  16
1783                     15.46                  17
1784                     15.05                  17
1785                     25.94                  16
1786                     15.88                  18
1787                     14.96                  19
1788                     33.46                  18
1789                     15.65                  17
1790                     14.95                  15
1791                     33.21                  17
1792                     14.82                  17
1793                     14.56                  16
1794                     33.07                  16
1795                     15.38                  15
1796                     15.81                  15
1797                     28.90                  15
1798                     14.61                  15
1799                     14.30                  16
