Frame        Inference_Time_ms    Objects_Detected
0                       176.03                  14
1                        30.05                  12
2                        28.28                  12
3                        28.15                  13
4                        28.10                  15
5                        28.12                  15
6                        28.08                  11
7                        17.53                  14
8                        17.52                  13
9                        17.51                  14
10                       17.57                  14
11                       17.50                  14
12                       17.54                  15
13                       17.04                  15
14                       17.06                  14
15                       17.07                  16
16                       17.04                  16
17                       17.04                  16
18                       16.18                  16
19                       15.05                  17
20                       14.45                  14
21                       14.22                  18
22                       14.19                  14
23                       14.10                  15
24                       14.09                  16
25                       14.02                  16
26                       14.03                  14
27                       14.04                  14
28                       13.97                  14
29                       13.96                  17
30                       14.01                  13
31                       13.96                  14
32                       13.96                  14
33                       13.98                  15
34                       13.94                  16
35                       14.18                  15
36                       13.96                  16
37                       13.97                  14
38                       14.05                  15
39                       14.23                  15
40                       14.13                  16
41                       14.07                  14
42                       14.04                  13
43                       14.14                  14
44                       14.03                  14
45                       14.03                  15
46                       14.00                  14
47                       14.17                  13
48                       13.96                  14
49                       13.98                  12
50                       13.97                  14
51                       13.95                  14
52                       14.11                  13
53                       14.09                  15
54                       14.34                  16
55                       14.19                  15
56                       14.03                  15
57                       14.08                  13
58                       13.99                  16
59                       14.10                  16
60                       14.05                  16
61                       14.00                  15
62                       13.97                  16
63                       13.97                  18
64                       13.99                  15
65                       13.95                  16
66                       13.96                  14
67                       14.09                  13
68                       14.09                  14
69                       14.07                  14
70                       14.39                  10
71                       14.18                  10
72                       14.01                  11
73                       14.19                  14
74                       14.62                  14
75                       14.65                  15
76                       14.61                  13
77                       14.66                  15
78                       14.65                  16
79                       14.84                  18
80                       14.81                  14
81                       14.86                  16
82                       14.85                  16
83                       14.93                  18
84                       14.69                  17
85                       14.81                  17
86                       14.82                  15
87                       14.88                  15
88                       14.83                  14
89                       14.70                  18
90                       14.70                  16
91                       14.69                  15
92                       15.59                  16
93                       14.96                  15
94                       15.03                  17
95                       15.04                  15
96                       15.31                  15
97                       15.27                  15
98                       15.23                  15
99                       15.26                  17
100                      15.23                  15
101                      15.11                  16
102                      16.01                  15
103                      15.45                  15
104                      14.09                  16
105                      14.09                  16
106                      15.25                  21
107                      14.91                  19
108                      28.42                  18
109                      15.44                  16
110                      15.19                  16
111                      15.01                  17
112                      14.93                  18
113                      18.27                  13
114                      15.44                  12
115                      14.98                  15
116                      21.63                  14
117                      15.87                  15
118                      15.24                  18
119                      28.95                  19
120                      14.79                  17
121                      14.63                  17
122                      21.17                  16
123                      15.61                  15
124                      15.98                  15
125                      25.97                  15
126                      15.36                  12
127                      15.33                  14
128                      28.49                  15
129                      14.99                  14
130                      14.69                  13
131                      28.06                  15
132                      15.10                  13
133                      14.73                  15
134                      34.75                  15
135                      14.71                  16
136                      14.62                  13
137                      34.46                  14
138                      15.30                  13
139                      15.90                  14
140                      14.86                  13
141                      15.92                  14
142                      14.64                  15
143                      14.76                  12
144                      29.70                  13
145                      15.67                  16
146                      16.48                  13
147                      15.59                  12
148                      15.36                  12
149                      30.15                  12
150                      15.59                  14
151                      15.75                  12
152                      15.02                  15
153                      31.61                  14
154                      15.01                  17
155                      14.68                  14
156                      33.60                  16
157                      15.36                  14
158                      15.00                  12
159                      24.92                  14
160                      15.49                  14
161                      15.77                  14
162                      15.78                  14
163                      15.61                  15
164                      30.82                  14
165                      15.47                  11
166                      15.78                  13
167                      15.78                  14
168                      15.77                  14
169                      27.44                  15
170                      19.45                  13
171                      16.47                  15
172                      15.52                  15
173                      15.36                  14
174                      15.34                  14
175                      21.13                  16
176                      15.23                  13
177                      14.91                  14
178                      31.46                  13
179                      15.06                  15
180                      15.34                  14
181                      34.24                  15
182                      15.24                  15
183                      15.36                  15
184                      32.33                  14
185                      15.48                  15
186                      15.05                  14
187                      15.08                  17
188                      16.28                  16
189                      15.09                  15
190                      14.60                  17
191                      15.32                  17
192                      15.76                  15
193                      15.03                  17
194                      15.15                  17
195                      15.78                  16
196                      14.97                  14
197                      27.37                  14
198                      15.75                  18
199                      14.87                  17
200                      28.12                  14
201                      14.81                  13
202                      14.65                  11
203                      27.96                  11
204                      14.68                  14
205                      14.54                  13
206                      14.19                  12
207                      14.60                  14
208                      14.65                  14
209                      18.84                  12
210                      22.41                  13
211                      14.60                  12
212                      14.66                  12
213                      28.57                  11
214                      14.48                  11
215                      14.20                  13
216                      20.72                  13
217                      14.90                  12
218                      14.42                  12
219                      28.36                  13
220                      14.98                  14
221                      14.37                  16
222                      28.04                  16
223                      14.69                  17
224                      14.48                  17
225                      29.37                  13
226                      14.77                  13
227                      14.77                  13
228                      14.36                  13
229                      14.56                  13
230                      14.53                  13
231                      14.31                  14
232                      14.14                  13
233                      14.10                  14
234                      14.19                  14
235                      14.08                  13
236                      14.13                  17
237                      14.10                  15
238                      14.12                  14
239                      14.11                  12
240                      14.16                  13
241                      14.07                  15
242                      14.07                  14
243                      14.17                  13
244                      14.09                  14
245                      14.07                  13
246                      14.09                  13
247                      14.04                  13
248                      14.16                  14
249                      14.10                  12
250                      14.20                  14
251                      14.22                  13
252                      14.10                  13
253                      14.09                  13
254                      14.17                  14
255                      14.05                  18
256                      14.06                  17
257                      14.09                  18
258                      14.15                  19
259                      14.44                  20
260                      14.16                  20
261                      14.10                  20
262                      14.83                  18
263                      14.68                  20
264                      14.23                  22
265                      25.84                  17
266                      15.16                  18
267                      14.66                  20
268                      28.69                  19
269                      14.63                  21
270                      14.50                  19
271                      23.62                  18
272                      15.71                  19
273                      27.67                  18
274                      16.40                  17
275                      16.26                  18
276                      16.21                  16
277                      15.42                  15
278                      15.25                  15
279                      29.13                  17
280                      14.96                  17
281                      15.54                  20
282                      15.99                  20
283                      15.49                  20
284                      15.83                  20
285                      23.41                  22
286                      15.36                  21
287                      15.49                  21
288                      15.71                  20
289                      15.20                  21
290                      28.31                  22
291                      15.53                  21
292                      14.74                  17
293                      21.49                  17
294                      15.07                  20
295                      14.88                  15
296                      21.05                  18
297                      14.76                  17
298                      14.82                  23
299                      14.51                  21
300                      15.39                  21
301                      14.72                  21
302                      14.55                  21
303                      15.21                  20
304                      15.59                  23
305                      14.71                  22
306                      14.88                  20
307                      14.58                  20
308                      21.36                  19
309                      14.89                  21
310                      14.89                  20
311                      14.63                  19
312                      14.89                  20
313                      15.15                  22
314                      27.10                  21
315                      15.13                  22
316                      15.04                  23
317                      14.87                  24
318                      14.67                  23
319                      14.43                  24
320                      14.84                  22
321                      20.32                  21
322                      15.30                  22
323                      14.88                  22
324                      16.06                  21
325                      14.58                  21
326                      14.62                  21
327                      21.70                  21
328                      15.62                  22
329                      14.96                  22
330                      27.58                  23
331                      14.97                  25
332                      14.60                  24
333                      21.48                  22
334                      14.75                  22
335                      15.08                  23
336                      14.62                  20
337                      14.62                  24
338                      14.44                  22
339                      14.71                  20
340                      21.09                  23
341                      14.49                  18
342                      14.49                  21
343                      21.28                  19
344                      14.62                  14
345                      14.53                  17
346                      14.45                  19
347                      14.20                  21
348                      20.77                  21
349                      15.04                  20
350                      15.32                  21
351                      14.74                  18
352                      14.38                  18
353                      14.40                  18
354                      14.31                  19
355                      14.31                  18
356                      14.40                  18
357                      15.23                  16
358                      28.37                  19
359                      15.05                  17
360                      15.32                  16
361                      15.16                  17
362                      15.16                  18
363                      15.35                  18
364                      15.37                  16
365                      28.18                  17
366                      15.13                  17
367                      14.75                  16
368                      15.08                  20
369                      15.48                  20
370                      15.37                  19
371                      23.52                  22
372                      14.94                  24
373                      14.80                  24
374                      15.38                  23
375                      15.44                  21
376                      15.27                  20
377                      23.16                  20
378                      14.75                  22
379                      14.32                  19
380                      24.02                  20
381                      14.95                  20
382                      14.85                  17
383                      14.46                  19
384                      20.12                  19
385                      14.54                  20
386                      14.32                  19
387                      35.56                  19
388                      14.91                  17
389                      14.45                  20
390                      28.90                  20
391                      15.26                  19
392                      14.72                  20
393                      35.64                  20
394                      14.92                  19
395                      14.75                  19
396                      25.97                  23
397                      20.68                  20
398                      15.05                  19
399                      14.37                  19
400                      18.94                  20
401                      15.31                  20
402                      31.42                  20
403                      14.47                  16
404                      14.39                  19
405                      14.10                  18
406                      27.23                  16
407                      15.35                  17
408                      14.63                  19
409                      19.42                  18
410                      15.07                  17
411                      14.52                  14
412                      27.98                  20
413                      15.06                  16
414                      14.51                  22
415                      28.33                  20
416                      14.91                  19
417                      14.74                  20
418                      14.26                  17
419                      14.05                  19
420                      14.34                  20
421                      14.11                  19
422                      14.04                  18
423                      14.06                  21
424                      14.27                  19
425                      14.04                  15
426                      14.10                  17
427                      14.04                  18
428                      14.08                  18
429                      14.06                  21
430                      14.04                  16
431                      14.06                  21
432                      14.04                  20
433                      13.98                  20
434                      14.14                  22
435                      14.04                  19
436                      15.30                  19
437                      14.25                  19
438                      14.16                  15
439                      14.66                  15
440                      15.37                  18
441                      14.91                  17
442                      14.37                  20
443                      14.22                  21
444                      14.37                  23
445                      14.09                  20
446                      14.07                  20
447                      14.04                  21
448                      27.88                  18
449                      14.21                  20
450                      14.19                  19
451                      28.46                  19
452                      14.28                  16
453                      14.16                  17
454                      27.63                  17
455                      14.45                  20
456                      14.22                  17
457                      14.11                  19
458                      15.14                  18
459                      14.91                  20
460                      14.47                  19
461                      15.62                  20
462                      14.73                  19
463                      14.26                  24
464                      14.67                  23
465                      14.83                  24
466                      14.62                  22
467                      14.99                  25
468                      19.82                  21
469                      15.57                  26
470                      15.28                  22
471                      15.21                  23
472                      15.18                  23
473                      14.45                  24
474                      27.60                  23
475                      15.48                  25
476                      16.08                  22
477                      15.65                  24
478                      15.28                  24
479                      22.25                  23
480                      14.40                  24
481                      14.17                  21
482                      14.03                  21
483                      14.12                  26
484                      14.09                  21
485                      14.04                  24
486                      21.63                  20
487                      14.30                  24
488                      14.15                  19
489                      21.18                  20
490                      14.81                  21
491                      14.51                  23
492                      21.02                  21
493                      14.35                  22
494                      14.19                  21
495                      14.07                  17
496                      14.27                  19
497                      14.03                  19
498                      14.88                  19
499                      14.42                  19
500                      14.91                  20
501                      14.10                  20
502                      14.44                  20
503                      15.43                  17
504                      17.72                  18
505                      14.86                  19
506                      14.16                  18
507                      14.80                  16
508                      17.30                  18
509                      15.71                  17
510                      32.08                  17
511                      15.36                  22
512                      15.36                  20
513                      32.64                  20
514                      15.68                  21
515                      15.38                  20
516                      15.72                  22
517                      15.66                  21
518                      29.83                  19
519                      16.53                  23
520                      15.60                  21
521                      15.60                  19
522                      14.93                  19
523                      14.54                  20
524                      14.70                  20
525                      28.93                  21
526                      24.77                  21
527                      30.55                  18
528                      14.85                  18
529                      14.96                  20
530                      15.06                  19
531                      33.79                  20
532                      14.82                  19
533                      14.97                  20
534                      19.23                  19
535                      29.99                  20
536                      15.47                  19
537                      15.78                  19
538                      15.39                  19
539                      34.39                  18
540                      14.77                  17
541                      27.62                  17
542                      20.35                  22
543                      15.94                  22
544                      15.74                  19
545                      15.39                  20
546                      16.05                  18
547                      15.12                  21
548                      14.79                  21
549                      35.46                  22
550                      15.27                  25
551                      14.64                  17
552                      25.48                  17
553                      14.47                  18
554                      14.34                  16
555                      29.01                  16
556                      14.59                  18
557                      14.45                  18
558                      26.95                  17
559                      15.00                  18
560                      14.62                  17
561                      34.98                  16
562                      15.13                  16
563                      14.77                  16
564                      14.72                  15
565                      25.16                  15
566                      14.97                  16
567                      14.87                  16
568                      14.29                  17
569                      16.62                  18
570                      14.73                  18
571                      33.19                  20
572                      14.80                  19
573                      14.50                  19
574                      14.29                  17
575                      28.40                  18
576                      15.14                  19
577                      14.44                  17
578                      35.39                  18
579                      14.63                  17
580                      14.15                  17
581                      32.20                  17
582                      15.34                  15
583                      15.57                  15
584                      27.28                  17
585                      15.01                  19
586                      15.34                  18
587                      31.23                  17
588                      15.04                  16
589                      14.32                  15
590                      31.98                  16
591                      34.55                  15
592                      15.11                  16
593                      15.27                  17
594                      15.32                  16
595                      15.25                  17
596                      33.22                  17
597                      15.76                  16
598                      15.14                  16
599                      27.23                  16
600                      14.63                  16
601                      15.10                  15
602                      15.35                  17
603                      37.32                  16
604                      14.80                  16
605                      14.36                  17
606                      15.51                  16
607                      14.36                  15
608                      14.24                  16
609                      21.55                  15
610                      14.24                  16
611                      14.17                  17
612                      21.23                  17
613                      14.66                  18
614                      14.23                  18
615                      21.07                  16
616                      14.44                  17
617                      15.13                  17
618                      14.75                  18
619                      15.70                  18
620                      15.05                  18
621                      21.75                  19
622                      15.17                  18
623                      15.18                  21
624                      15.31                  19
625                      15.61                  20
626                      15.47                  21
627                      24.25                  21
628                      15.13                  20
629                      14.94                  19
630                      15.07                  19
631                      15.52                  17
632                      15.35                  18
633                      22.92                  16
634                      15.05                  14
635                      14.90                  15
636                      15.22                  17
637                      15.68                  17
638                      15.36                  16
639                      22.84                  18
640                      15.17                  17
641                      15.00                  16
642                      15.23                  18
643                      15.63                  18
644                      15.37                  18
645                      22.69                  18
646                      15.08                  16
647                      14.27                  18
648                      14.25                  18
649                      17.02                  18
650                      14.75                  21
651                      14.21                  22
652                      21.92                  21
653                      14.28                  21
654                      14.16                  21
655                      14.10                  20
656                      14.23                  18
657                      14.08                  17
658                      14.02                  18
659                      14.06                  19
660                      14.34                  19
661                      14.17                  19
662                      14.43                  22
663                      14.16                  20
664                      14.09                  21
665                      14.15                  19
666                      14.00                  20
667                      13.97                  20
668                      13.99                  21
669                      14.01                  21
670                      13.96                  20
671                      14.02                  20
672                      13.99                  19
673                      14.00                  20
674                      13.99                  21
675                      14.80                  21
676                      14.29                  20
677                      14.15                  18
678                      14.27                  19
679                      14.14                  22
680                      14.11                  22
681                      14.11                  22
682                      14.02                  22
683                      13.98                  21
684                      14.03                  21
685                      14.18                  22
686                      14.31                  20
687                      14.58                  20
688                      14.55                  19
689                      14.96                  21
690                      14.71                  19
691                      14.58                  19
692                      14.75                  17
693                      14.51                  19
694                      14.41                  19
695                      14.39                  19
696                      14.56                  18
697                      14.49                  19
698                      32.05                  18
699                      15.28                  19
700                      14.70                  20
701                      35.25                  21
702                      15.59                  21
703                      14.78                  20
704                      35.02                  20
705                      15.51                  22
706                      14.88                  20
707                      30.36                  23
708                      15.64                  24
709                      15.55                  23
710                      35.27                  22
711                      15.60                  22
712                      15.46                  23
713                      37.96                  22
714                      15.49                  25
715                      15.73                  24
716                      15.10                  23
717                      25.35                  22
718                      16.13                  19
719                      15.51                  22
720                      36.21                  22
721                      15.12                  23
722                      14.93                  24
723                      36.37                  25
724                      15.98                  23
725                      15.33                  27
726                      33.10                  22
727                      19.01                  25
728                      15.18                  24
729                      27.36                  23
730                      15.61                  26
731                      15.02                  24
732                      14.67                  18
733                      14.58                  18
734                      14.55                  21
735                      27.70                  24
736                      15.08                  21
737                      14.92                  18
738                      20.90                  21
739                      14.92                  19
740                      14.59                  19
741                      27.40                  20
742                      16.05                  19
743                      15.02                  20
744                      14.85                  19
745                      18.63                  16
746                      14.71                  19
747                      14.57                  17
748                      20.63                  19
749                      14.66                  24
750                      28.73                  23
751                      14.84                  22
752                      15.32                  21
753                      14.87                  20
754                      28.61                  22
755                      14.68                  20
756                      14.76                  20
757                      14.64                  20
758                      23.96                  15
759                      15.46                  19
760                      14.56                  17
761                      15.78                  18
762                      15.14                  17
763                      27.35                  20
764                      14.93                  20
765                      15.23                  21
766                      14.68                  23
767                      19.10                  22
768                      15.56                  21
769                      15.17                  17
770                      21.88                  20
771                      14.97                  17
772                      14.67                  19
773                      22.84                  16
774                      14.78                  18
775                      14.89                  15
776                      14.59                  19
777                      15.28                  19
778                      15.04                  19
779                      14.89                  21
780                      18.23                  20
781                      15.07                  18
782                      14.58                  18
783                      14.71                  17
784                      14.61                  20
785                      14.58                  19
786                      23.06                  17
787                      14.57                  19
788                      14.52                  19
789                      21.09                  19
790                      14.57                  20
791                      14.66                  19
792                      31.69                  16
793                      27.35                  17
794                      15.81                  17
795                      15.30                  17
796                      38.47                  19
797                      19.46                  17
798                      15.74                  18
799                      31.68                  18
800                      16.06                  18
801                      16.01                  18
802                      16.03                  21
803                      35.60                  19
804                      19.63                  20
805                      15.72                  20
806                      15.60                  18
807                      29.40                  20
808                      32.94                  19
809                      15.69                  20
810                      15.54                  19
811                      15.43                  20
812                      36.82                  17
813                      15.80                  16
814                      15.32                  19
815                      29.74                  17
816                      15.32                  21
817                      14.96                  22
818                      34.95                  22
819                      16.19                  21
820                      16.34                  20
821                      31.89                  25
822                      15.80                  26
823                      15.85                  23
824                      15.26                  23
825                      16.24                  24
826                      15.75                  24
827                      28.58                  23
828                      15.85                  21
829                      15.43                  21
830                      32.53                  22
831                      15.53                  22
832                      15.83                  20
833                      14.83                  19
834                      33.01                  16
835                      15.60                  19
836                      15.54                  20
837                      25.84                  21
838                      15.53                  19
839                      14.99                  19
840                      35.83                  18
841                      15.65                  18
842                      15.31                  18
843                      14.94                  17
844                      28.08                  17
845                      15.98                  19
846                      15.12                  20
847                      32.94                  18
848                      15.29                  19
849                      14.70                  23
850                      33.87                  21
851                      15.40                  20
852                      15.13                  19
853                      32.81                  17
854                      15.34                  17
855                      15.22                  16
856                      21.72                  17
857                      14.72                  19
858                      14.56                  21
859                      27.80                  23
860                      14.81                  23
861                      14.58                  22
862                      14.53                  22
863                      15.67                  22
864                      14.76                  22
865                      27.43                  22
866                      15.18                  23
867                      15.20                  21
868                      27.69                  22
869                      15.37                  20
870                      15.78                  20
871                      14.95                  21
872                      18.71                  19
873                      14.60                  22
874                      14.51                  22
875                      18.98                  20
876                      14.60                  22
877                      14.48                  24
878                      18.42                  21
879                      16.23                  23
880                      14.96                  23
881                      19.40                  24
882                      15.33                  22
883                      15.33                  23
884                      28.95                  23
885                      15.12                  21
886                      15.38                  20
887                      30.15                  21
888                      21.36                  19
889                      15.70                  21
890                      14.84                  21
891                      36.10                  21
892                      15.34                  20
893                      14.75                  21
894                      29.22                  21
895                      15.86                  22
896                      15.84                  20
897                      35.06                  21
898                      15.43                  20
899                      16.04                  18
900                      28.14                  21
901                      21.40                  22
902                      15.82                  20
903                      14.95                  19
904                      27.68                  18
905                      16.10                  19
906                      15.62                  20
907                      30.03                  19
908                      15.36                  22
909                      14.93                  20
910                      28.24                  21
911                      15.62                  22
912                      15.14                  22
913                      33.66                  22
914                      15.46                  23
915                      14.95                  22
916                      16.72                  22
917                      22.88                  23
918                      15.05                  20
919                      27.90                  18
920                      15.35                  16
921                      15.03                  16
922                      14.78                  16
923                      16.42                  17
924                      15.14                  17
925                      14.78                  18
926                      17.25                  20
927                      16.01                  19
928                      15.11                  19
929                      18.94                  21
930                      15.85                  23
931                      15.33                  21
932                      28.63                  20
933                      15.15                  22
934                      14.75                  20
935                      28.06                  21
936                      15.33                  19
937                      14.93                  17
938                      29.06                  21
939                      15.03                  19
940                      15.08                  20
941                      28.25                  17
942                      14.71                  19
943                      14.63                  17
944                      14.57                  15
945                      14.82                  13
946                      14.95                  13
947                      14.58                  12
948                      22.45                  12
949                      15.27                  12
950                      14.88                  16
951                      18.67                  16
952                      15.20                  13
953                      14.96                  13
954                      28.56                  11
955                      14.97                  13
956                      14.72                  12
957                      14.60                  13
958                      14.63                  11
959                      14.48                  11
960                      28.27                  13
961                      15.30                  12
962                      15.15                  13
963                      14.76                  14
964                      20.86                  12
965                      14.88                  13
966                      14.63                  15
967                      28.42                  14
968                      15.31                  13
969                      14.54                  12
970                      16.26                  13
971                      15.14                  13
972                      14.26                  14
973                      14.27                  12
974                      15.09                  14
975                      15.05                  15
976                      27.48                  15
977                      14.73                  15
978                      14.61                  13
979                      14.16                  14
980                      15.42                  12
981                      15.32                  12
982                      14.62                  12
983                      33.31                  13
984                      15.31                  14
985                      14.69                  13
986                      36.12                  13
987                      15.31                  14
988                      14.80                  14
989                      36.02                  13
990                      15.37                  12
991                      15.06                  12
992                      41.19                  13
993                      16.23                  13
994                      15.59                  13
995                      40.36                  14
996                      15.66                  14
997                      15.18                  12
998                      41.99                  13
999                      16.32                  14
1000                     38.46                  17
1001                     15.78                  15
1002                     15.96                  15
1003                     16.08                  15
1004                     35.15                  16
1005                     27.72                  16
1006                     16.00                  14
1007                     15.65                  14
1008                     31.89                  15
1009                     16.16                  14
1010                     33.22                  16
1011                     27.46                  17
1012                     15.66                  16
1013                     15.43                  17
1014                     21.86                  16
1015                     14.61                  15
1016                     14.55                  15
1017                     14.66                  16
1018                     14.64                  15
1019                     14.63                  14
1020                     25.62                  14
1021                     14.90                  13
1022                     14.64                  14
1023                     16.74                  13
1024                     14.98                  12
1025                     14.61                  14
1026                     14.43                  14
1027                     14.21                  15
1028                     14.35                  16
1029                     14.36                  16
1030                     14.27                  16
1031                     14.17                  13
1032                     14.11                  13
1033                     14.29                  12
1034                     14.39                  13
1035                     22.29                  13
1036                     14.59                  15
1037                     14.31                  14
1038                     14.95                  16
1039                     14.80                  14
1040                     14.29                  16
1041                     14.19                  14
1042                     14.37                  13
1043                     14.26                  16
1044                     35.15                  14
1045                     30.21                  15
1046                     15.76                  14
1047                     15.49                  14
1048                     38.86                  14
1049                     15.52                  13
1050                     15.34                  11
1051                     32.67                  13
1052                     27.73                  10
1053                     15.51                  14
1054                     31.30                  13
1055                     29.17                  12
1056                     15.63                  13
1057                     15.55                  17
1058                     37.56                  15
1059                     16.66                  16
1060                     19.32                  16
1061                     38.78                  16
1062                     17.22                  14
1063                     15.59                  14
1064                     39.54                  14
1065                     15.90                  17
1066                     15.33                  15
1067                     37.15                  14
1068                     19.42                  14
1069                     15.16                  11
1070                     31.60                  14
1071                     15.74                  13
1072                     15.44                  12
1073                     38.04                  13
1074                     23.29                  14
1075                     14.64                  12
1076                     14.64                  15
1077                     17.72                  18
1078                     15.62                  17
1079                     14.80                  15
1080                     22.78                  16
1081                     15.15                  18
1082                     35.11                  14
1083                     14.99                  12
1084                     15.04                  11
1085                     14.85                  13
1086                     31.87                  11
1087                     15.22                  17
1088                     14.49                  17
1089                     27.91                  17
1090                     15.04                  19
1091                     14.43                  19
1092                     28.10                  17
1093                     16.61                  19
1094                     14.41                  20
1095                     32.02                  21
1096                     15.16                  18
1097                     14.95                  16
1098                     25.51                  18
1099                     18.19                  16
1100                     14.41                  17
1101                     31.90                  17
1102                     15.17                  15
1103                     15.92                  16
1104                     15.32                  17
1105                     20.09                  16
1106                     14.40                  17
1107                     14.33                  16
1108                     14.60                  17
1109                     14.19                  17
1110                     14.04                  17
1111                     15.47                  16
1112                     15.42                  16
1113                     30.31                  21
1114                     14.83                  17
1115                     15.70                  17
1116                     14.93                  16
1117                     28.89                  17
1118                     14.96                  17
1119                     14.32                  14
1120                     30.19                  13
1121                     15.25                  16
1122                     14.56                  14
1123                     27.96                  13
1124                     14.99                  13
1125                     15.37                  14
1126                     14.99                  15
1127                     19.40                  14
1128                     15.00                  15
1129                     14.40                  12
1130                     21.21                  15
1131                     15.36                  14
1132                     14.84                  14
1133                     27.67                  13
1134                     14.66                  15
1135                     14.62                  17
1136                     27.75                  15
1137                     14.53                  13
1138                     14.36                  16
1139                     30.93                  16
1140                     15.23                  17
1141                     14.63                  18
1142                     35.36                  15
1143                     15.19                  15
1144                     14.63                  17
1145                     33.40                  17
1146                     15.09                  17
1147                     14.38                  17
1148                     16.03                  15
1149                     14.61                  14
1150                     15.02                  14
1151                     38.99                  14
1152                     15.55                  17
1153                     14.86                  15
1154                     14.65                  15
1155                     21.59                  13
1156                     15.59                  13
1157                     34.73                  14
1158                     15.36                  15
1159                     15.26                  16
1160                     33.43                  17
1161                     19.06                  18
1162                     15.17                  14
1163                     14.76                  14
1164                     25.02                  12
1165                     15.46                  13
1166                     15.47                  14
1167                     26.04                  16
1168                     15.38                  16
1169                     14.74                  14
1170                     14.51                  14
1171                     14.19                  15
1172                     14.05                  16
1173                     14.13                  15
1174                     14.08                  18
1175                     14.00                  18
1176                     14.19                  20
1177                     14.35                  16
1178                     14.14                  18
1179                     14.07                  19
1180                     13.99                  17
1181                     13.96                  17
1182                     13.95                  17
1183                     13.97                  18
1184                     14.03                  15
1185                     14.02                  17
1186                     14.30                  15
1187                     14.15                  16
1188                     14.22                  15
1189                     14.56                  15
1190                     14.46                  15
1191                     14.43                  13
1192                     14.40                  12
1193                     14.59                  13
1194                     14.42                  11
1195                     14.60                  12
1196                     14.51                  12
1197                     14.87                  13
1198                     14.54                  12
1199                     40.06                  14
1200                     15.68                  12
1201                     15.85                  12
1202                     16.18                  13
1203                     33.88                  11
1204                     22.15                  12
1205                     16.18                  11
1206                     37.10                  12
1207                     15.73                  14
1208                     15.59                  12
1209                     38.36                  14
1210                     15.63                  14
1211                     14.88                  15
1212                     37.78                  16
1213                     21.66                  15
1214                     15.34                  15
1215                     37.61                  16
1216                     16.32                  16
1217                     15.76                  16
1218                     15.70                  16
1219                     28.91                  15
1220                     16.18                  13
1221                     15.22                  11
1222                     35.34                  14
1223                     15.56                  11
1224                     15.66                  12
1225                     15.30                  12
1226                     15.23                  12
1227                     35.99                  13
1228                     15.55                  14
1229                     15.67                  14
1230                     15.28                  13
1231                     15.14                  13
1232                     35.79                  12
1233                     15.48                  16
1234                     15.41                  15
1235                     15.35                  12
1236                     15.51                  11
1237                     35.79                  11
1238                     15.34                  15
1239                     15.70                  14
1240                     15.99                  14
1241                     15.72                  15
1242                     37.84                  14
1243                     15.35                  14
1244                     15.59                  16
1245                     15.43                  15
1246                     15.30                  14
1247                     35.63                  13
1248                     16.10                  12
1249                     16.54                  15
1250                     16.29                  14
1251                     16.02                  15
1252                     38.65                  15
1253                     16.32                  15
1254                     16.07                  14
1255                     16.16                  13
1256                     16.18                  13
1257                     38.69                  17
1258                     15.37                  15
1259                     15.24                  16
1260                     15.33                  16
1261                     23.69                  15
1262                     14.83                  13
1263                     14.78                  13
1264                     14.67                  13
1265                     29.44                  13
1266                     14.74                  12
1267                     14.47                  12
1268                     16.23                  15
1269                     14.19                  15
1270                     15.30                  12
1271                     14.79                  12
1272                     15.00                  14
1273                     15.59                  14
1274                     15.79                  14
1275                     28.34                  14
1276                     15.43                  14
1277                     15.07                  15
1278                     14.01                  13
1279                     14.38                  16
1280                     30.40                  13
1281                     15.75                  16
1282                     15.49                  17
1283                     15.36                  14
1284                     14.60                  16
1285                     27.40                  14
1286                     14.45                  14
1287                     14.34                  15
1288                     23.74                  17
1289                     15.10                  17
1290                     14.90                  15
1291                     22.55                  16
1292                     14.45                  15
1293                     14.53                  15
1294                     28.61                  13
1295                     14.57                  13
1296                     14.24                  15
1297                     14.10                  15
1298                     15.11                  13
1299                     15.09                  16
1300                     14.26                  15
1301                     15.08                  17
1302                     14.39                  18
1303                     14.33                  19
1304                     14.43                  19
1305                     14.80                  17
1306                     14.25                  19
1307                     26.25                  17
1308                     14.67                  16
1309                     14.22                  17
1310                     14.15                  15
1311                     14.73                  15
1312                     14.42                  16
1313                     28.34                  14
1314                     14.77                  14
1315                     14.27                  17
1316                     14.12                  15
1317                     27.86                  16
1318                     14.09                  17
1319                     14.15                  17
1320                     14.59                  15
1321                     14.93                  15
1322                     14.62                  14
1323                     20.40                  13
1324                     14.60                  13
1325                     14.59                  13
1326                     14.14                  12
1327                     14.30                  13
1328                     14.26                  15
1329                     14.25                  15
1330                     14.21                  12
1331                     14.26                  15
1332                     22.74                  15
1333                     14.19                  15
1334                     14.12                  17
1335                     21.10                  17
1336                     14.15                  17
1337                     14.13                  15
1338                     13.97                  15
1339                     20.04                  16
1340                     14.68                  12
1341                     14.36                  14
1342                     22.62                  16
1343                     14.29                  16
1344                     14.03                  17
1345                     15.92                  13
1346                     14.44                  15
1347                     14.15                  16
1348                     22.22                  14
1349                     14.15                  14
1350                     14.37                  13
1351                     14.80                  12
1352                     17.95                  15
1353                     14.12                  12
1354                     21.15                  13
1355                     14.63                  14
1356                     14.20                  16
1357                     14.29                  12
1358                     14.70                  14
1359                     14.35                  14
1360                     14.40                  15
1361                     28.61                  13
1362                     14.98                  15
1363                     14.15                  15
1364                     20.56                  14
1365                     15.32                  12
1366                     28.04                  13
1367                     15.95                  12
1368                     15.13                  12
1369                     14.81                  15
1370                     15.12                  16
1371                     15.02                  14
1372                     14.53                  13
1373                     28.30                  11
1374                     15.01                  11
1375                     14.63                  15
1376                     14.33                  12
1377                     17.34                  13
1378                     14.63                  13
1379                     23.09                  14
1380                     15.85                  16
1381                     15.64                  16
1382                     25.59                  15
1383                     18.19                  15
1384                     14.90                  15
1385                     14.45                  16
1386                     14.25                  16
1387                     14.87                  16
1388                     31.50                  17
1389                     14.93                  15
1390                     15.98                  14
1391                     15.79                  14
1392                     31.75                  15
1393                     14.96                  17
1394                     14.91                  15
1395                     28.80                  14
1396                     15.04                  14
1397                     15.29                  16
1398                     14.91                  14
1399                     14.93                  16
1400                     14.78                  15
1401                     14.66                  13
1402                     16.06                  13
1403                     15.41                  14
1404                     14.33                  14
1405                     22.99                  14
1406                     14.83                  13
1407                     14.45                  15
1408                     21.41                  13
1409                     15.01                  14
1410                     15.88                  14
1411                     29.64                  13
1412                     14.84                  11
1413                     14.81                  13
1414                     29.77                  14
1415                     14.52                  13
1416                     14.25                  14
1417                     14.15                  13
1418                     15.34                  13
1419                     14.72                  13
1420                     15.26                  14
1421                     14.89                  14
1422                     29.34                  15
1423                     21.70                  16
1424                     15.27                  16
1425                     15.21                  16
1426                     15.10                  14
1427                     22.64                  13
1428                     15.04                  13
1429                     14.44                  15
1430                     19.07                  15
1431                     16.46                  13
1432                     16.27                  16
1433                     31.11                  14
1434                     15.03                  14
1435                     14.40                  14
1436                     14.95                  16
1437                     31.81                  14
1438                     19.58                  12
1439                     16.37                  12
1440                     15.82                  12
1441                     15.79                  12
1442                     27.29                  14
1443                     15.53                  13
1444                     15.46                  13
1445                     35.71                  11
1446                     15.51                  12
1447                     15.37                  13
1448                     28.22                  16
1449                     15.33                  12
1450                     15.93                  13
1451                     15.65                  13
1452                     14.81                  11
1453                     15.02                  13
1454                     27.40                  16
1455                     14.74                  17
1456                     14.42                  17
1457                     14.98                  18
1458                     14.64                  19
1459                     14.51                  19
1460                     23.93                  19
1461                     16.00                  20
1462                     15.93                  21
1463                     14.74                  20
1464                     15.28                  18
1465                     28.46                  17
1466                     15.37                  19
1467                     15.56                  20
1468                     15.79                  21
1469                     15.70                  20
1470                     15.58                  19
1471                     24.27                  19
1472                     15.30                  19
1473                     15.21                  17
1474                     15.50                  15
1475                     15.94                  16
1476                     15.66                  17
1477                     15.38                  17
1478                     22.28                  18
1479                     15.29                  17
1480                     15.76                  18
1481                     15.97                  20
1482                     15.53                  20
1483                     15.21                  20
1484                     23.18                  17
1485                     15.97                  17
1486                     15.41                  21
1487                     15.51                  22
1488                     15.40                  20
1489                     15.38                  20
1490                     15.31                  21
1491                     23.80                  17
1492                     15.48                  18
1493                     15.50                  18
1494                     15.76                  18
1495                     14.59                  16
1496                     22.11                  18
1497                     14.66                  18
1498                     14.71                  21
1499                     21.38                  20
1500                     14.76                  21
1501                     14.21                  21
1502                     14.44                  21
1503                     15.43                  21
1504                     14.42                  22
1505                     14.59                  20
1506                     22.90                  20
1507                     15.30                  20
1508                     15.34                  20
1509                     15.72                  22
1510                     15.98                  19
1511                     15.69                  19
1512                     27.49                  20
1513                     25.44                  23
1514                     15.98                  23
1515                     28.74                  23
1516                     16.33                  23
1517                     16.41                  22
1518                     16.02                  24
1519                     44.64                  22
1520                     15.54                  23
1521                     15.93                  22
1522                     15.34                  21
1523                     33.27                  21
1524                     21.84                  19
1525                     15.65                  22
1526                     15.62                  23
1527                     30.42                  23
1528                     34.18                  24
1529                     15.72                  22
1530                     15.45                  22
1531                     38.70                  22
1532                     15.62                  24
1533                     15.36                  23
1534                     15.38                  23
1535                     32.81                  21
1536                     15.93                  23
1537                     15.60                  21
1538                     31.61                  20
1539                     15.92                  25
1540                     14.80                  22
1541                     37.30                  19
1542                     16.91                  18
1543                     15.19                  17
1544                     29.09                  18
1545                     14.29                  19
1546                     14.14                  20
1547                     27.60                  19
1548                     14.26                  21
1549                     14.12                  21
1550                     28.07                  21
1551                     14.40                  18
1552                     14.22                  21
1553                     27.31                  17
1554                     15.14                  18
1555                     14.39                  19
1556                     14.18                  17
1557                     14.49                  17
1558                     14.36                  19
1559                     14.44                  19
1560                     14.35                  17
1561                     14.17                  18
1562                     28.07                  18
1563                     14.91                  19
1564                     15.16                  16
1565                     16.83                  19
1566                     15.29                  17
1567                     15.16                  16
1568                     14.66                  18
1569                     21.54                  20
1570                     15.00                  20
1571                     14.36                  19
1572                     23.42                  21
1573                     15.15                  21
1574                     14.52                  23
1575                     20.93                  24
1576                     14.50                  22
1577                     14.17                  24
1578                     20.71                  22
1579                     14.31                  20
1580                     14.29                  19
1581                     14.12                  22
1582                     14.45                  22
1583                     14.12                  20
1584                     21.18                  19
1585                     14.31                  16
1586                     14.37                  16
1587                     14.22                  16
1588                     14.32                  19
1589                     14.46                  19
1590                     14.45                  19
1591                     14.53                  19
1592                     14.32                  19
1593                     14.17                  21
1594                     14.23                  18
1595                     14.25                  20
1596                     14.33                  22
1597                     17.98                  21
1598                     14.71                  20
1599                     14.54                  20
1600                     14.43                  19
1601                     14.34                  20
1602                     14.34                  18
1603                     19.80                  18
1604                     14.42                  18
1605                     14.26                  18
1606                     31.62                  15
1607                     15.56                  16
1608                     15.18                  18
1609                     39.16                  19
1610                     15.19                  20
1611                     14.52                  18
1612                     29.08                  20
1613                     15.80                  17
1614                     16.30                  20
1615                     16.08                  17
1616                     30.50                  20
1617                     25.21                  19
1618                     15.51                  20
1619                     15.27                  21
1620                     15.52                  21
1621                     30.96                  17
1622                     26.12                  19
1623                     15.74                  17
1624                     15.71                  16
1625                     36.17                  15
1626                     16.16                  14
1627                     15.39                  18
1628                     31.39                  17
1629                     21.17                  18
1630                     15.53                  15
1631                     15.85                  20
1632                     14.95                  23
1633                     14.98                  24
1634                     33.12                  23
1635                     22.26                  20
1636                     15.74                  22
1637                     14.95                  17
1638                     34.20                  18
1639                     15.46                  17
1640                     14.83                  20
1641                     30.44                  17
1642                     15.01                  21
1643                     14.71                  21
1644                     35.17                  22
1645                     15.01                  21
1646                     14.69                  24
1647                     18.68                  21
1648                     15.82                  19
1649                     15.26                  22
1650                     14.76                  19
1651                     21.44                  18
1652                     15.61                  19
1653                     28.14                  18
1654                     20.82                  17
1655                     15.24                  20
1656                     14.81                  18
1657                     26.23                  19
1658                     14.91                  20
1659                     14.51                  18
1660                     31.78                  18
1661                     15.95                  18
1662                     14.84                  15
1663                     28.06                  22
1664                     15.67                  23
1665                     15.32                  22
1666                     35.68                  22
1667                     15.11                  24
1668                     14.54                  21
1669                     14.19                  21
1670                     14.21                  25
1671                     14.13                  22
1672                     14.04                  27
1673                     14.00                  25
1674                     14.47                  25
1675                     14.11                  23
1676                     13.99                  24
1677                     14.40                  23
1678                     14.14                  24
1679                     13.99                  22
1680                     13.99                  22
1681                     14.00                  21
1682                     13.96                  23
1683                     13.95                  25
1684                     13.94                  22
1685                     14.00                  22
1686                     14.25                  21
1687                     14.24                  20
1688                     14.06                  20
1689                     14.02                  21
1690                     14.00                  21
1691                     13.97                  23
1692                     13.97                  19
1693                     14.32                  19
1694                     13.93                  21
1695                     14.58                  19
1696                     14.11                  19
1697                     14.02                  18
1698                     13.99                  20
1699                     39.24                  19
1700                     15.76                  20
1701                     16.63                  19
1702                     33.81                  18
1703                     18.75                  17
1704                     16.56                  19
1705                     16.28                  16
1706                     30.14                  18
1707                     16.30                  19
1708                     16.13                  18
1709                     33.60                  17
1710                     15.85                  20
1711                     15.91                  20
1712                     40.33                  19
1713                     15.75                  21
1714                     15.32                  22
1715                     35.13                  22
1716                     15.81                  21
1717                     16.14                  21
1718                     35.33                  20
1719                     15.61                  20
1720                     15.69                  22
1721                     28.65                  21
1722                     21.97                  18
1723                     16.09                  21
1724                     39.51                  21
1725                     15.59                  22
1726                     15.62                  21
1727                     40.19                  19
1728                     15.97                  20
1729                     15.68                  20
1730                     15.07                  21
1731                     27.72                  19
1732                     15.64                  21
1733                     15.06                  19
1734                     27.61                  20
1735                     15.30                  19
1736                     15.04                  19
1737                     15.07                  18
1738                     15.36                  18
1739                     15.03                  18
1740                     14.62                  18
1741                     18.69                  19
1742                     15.03                  20
1743                     29.75                  21
1744                     15.50                  22
1745                     15.61                  22
1746                     14.95                  21
1747                     22.21                  24
1748                     15.29                  25
1749                     14.66                  22
1750                     14.64                  24
1751                     14.92                  21
1752                     14.55                  18
1753                     25.33                  19
1754                     15.37                  17
1755                     14.86                  16
1756                     27.96                  17
1757                     15.38                  17
1758                     14.77                  16
1759                     27.80                  18
1760                     15.19                  18
1761                     15.07                  18
1762                     21.72                  17
1763                     15.11                  15
1764                     15.17                  14
1765                     14.64                  16
1766                     14.89                  17
1767                     14.70                  16
1768                     14.70                  17
1769                     14.60                  19
1770                     14.76                  20
1771                     14.63                  22
1772                     14.69                  21
1773                     14.98                  19
1774                     14.61                  21
1775                     15.02                  19
1776                     14.96                  20
1777                     14.60                  16
1778                     15.04                  18
1779                     14.84                  17
1780                     14.57                  16
1781                     14.63                  17
1782                     14.89                  16
1783                     14.97                  17
1784                     21.51                  17
1785                     14.99                  16
1786                     14.57                  18
1787                     21.47                  19
1788                     14.93                  18
1789                     14.96                  17
1790                     14.71                  15
1791                     14.64                  17
1792                     14.72                  17
1793                     14.84                  16
1794                     19.76                  16
1795                     15.81                  15
1796                     15.30                  15
1797                     33.57                  15
1798                     15.83                  15
1799                     15.61                  16
