Frame        Inference_Time_ms    Objects_Detected
0                       182.45                  14
1                        30.19                  12
2                        28.46                  12
3                        28.42                  13
4                        28.36                  15
5                        28.33                  15
6                        21.15                  11
7                        20.89                  14
8                        20.96                  13
9                        20.85                  14
10                       20.86                  14
11                       20.65                  14
12                       20.65                  15
13                       20.67                  15
14                       20.66                  14
15                       17.80                  15
16                       15.90                  16
17                       15.79                  16
18                       16.25                  17
19                       16.99                  14
20                       17.10                  14
21                       16.73                  18
22                       14.99                  14
23                       14.77                  15
24                       14.40                  16
25                       14.47                  16
26                       14.51                  14
27                       14.64                  14
28                       14.37                  14
29                       14.49                  17
30                       14.58                  13
31                       14.57                  14
32                       14.39                  14
33                       14.39                  15
34                       14.25                  16
35                       14.28                  15
36                       14.32                  16
37                       14.23                  14
38                       14.24                  15
39                       14.21                  15
40                       14.53                  16
41                       14.63                  14
42                       14.53                  13
43                       14.56                  14
44                       14.43                  14
45                       14.28                  15
46                       15.36                  14
47                       14.67                  13
48                       14.46                  14
49                       14.78                  12
50                       14.42                  14
51                       14.77                  14
52                       14.80                  13
53                       14.55                  15
54                       14.44                  16
55                       14.42                  15
56                       14.87                  15
57                       14.76                  13
58                       15.00                  16
59                       15.07                  16
60                       14.67                  16
61                       14.79                  15
62                       14.93                  16
63                       14.64                  18
64                       15.04                  15
65                       14.52                  16
66                       14.57                  14
67                       14.38                  13
68                       14.26                  14
69                       14.38                  14
70                       14.60                  10
71                       14.38                  10
72                       14.57                  11
73                       14.60                  14
74                       14.79                  14
75                       14.72                  15
76                       14.69                  13
77                       14.61                  15
78                       15.37                  16
79                       15.19                  18
80                       15.18                  14
81                       15.09                  16
82                       15.04                  16
83                       15.05                  18
84                       15.17                  17
85                       15.23                  17
86                       15.45                  15
87                       15.29                  15
88                       15.21                  14
89                       15.22                  18
90                       15.24                  16
91                       14.85                  15
92                       14.85                  16
93                       14.86                  16
94                       14.88                  15
95                       14.89                  17
96                       15.02                  15
97                       14.89                  15
98                       14.86                  15
99                       14.89                  17
100                      14.83                  15
101                      14.85                  16
102                      15.15                  15
103                      14.93                  15
104                      14.89                  16
105                      14.89                  16
106                      14.98                  21
107                      14.89                  21
108                      15.22                  19
109                      14.81                  18
110                      14.93                  16
111                      15.41                  17
112                      14.90                  18
113                      15.01                  13
114                      15.10                  12
115                      15.30                  15
116                      15.18                  14
117                      15.39                  15
118                      14.86                  18
119                      15.15                  19
120                      15.13                  17
121                      14.79                  17
122                      14.93                  16
123                      14.85                  15
124                      15.87                  15
125                      15.74                  15
126                      14.97                  12
127                      15.29                  14
128                      14.90                  15
129                      16.06                  14
130                      15.12                  13
131                      15.33                  15
132                      14.89                  13
133                      14.96                  15
134                      14.94                  15
135                      15.06                  16
136                      14.93                  13
137                      15.10                  14
138                      15.07                  13
139                      14.95                  14
140                      14.93                  13
141                      15.23                  14
142                      14.90                  16
143                      15.22                  15
144                      15.33                  12
145                      15.16                  13
146                      15.24                  16
147                      15.48                  13
148                      15.71                  12
149                      15.62                  12
150                      15.61                  14
151                      15.51                  12
152                      15.40                  15
153                      15.56                  14
154                      15.54                  17
155                      15.33                  14
156                      15.48                  16
157                      15.52                  14
158                      15.58                  12
159                      15.58                  13
160                      15.56                  14
161                      15.66                  14
162                      15.51                  14
163                      15.59                  14
164                      15.36                  15
165                      15.51                  14
166                      15.50                  11
167                      15.53                  13
168                      15.68                  14
169                      15.62                  14
170                      15.74                  15
171                      15.78                  13
172                      15.74                  15
173                      15.92                  15
174                      15.72                  14
175                      15.72                  16
176                      15.20                  13
177                      15.13                  14
178                      15.13                  13
179                      15.07                  15
180                      15.11                  14
181                      15.06                  15
182                      15.15                  15
183                      15.12                  15
184                      15.10                  14
185                      15.11                  15
186                      15.11                  14
187                      15.06                  17
188                      15.11                  16
189                      15.15                  15
190                      15.10                  17
191                      15.11                  17
192                      15.12                  15
193                      15.15                  17
194                      15.33                  17
195                      15.29                  16
196                      15.97                  14
197                      15.34                  14
198                      15.32                  18
199                      15.61                  17
200                      15.27                  14
201                      15.26                  13
202                      15.20                  11
203                      15.20                  11
204                      15.29                  14
205                      15.30                  13
206                      15.25                  12
207                      15.74                  14
208                      15.42                  14
209                      15.27                  12
210                      15.36                  13
211                      15.12                  12
212                      15.16                  12
213                      15.14                  11
214                      15.47                  11
215                      15.22                  13
216                      15.50                  13
217                      15.23                  12
218                      15.22                  12
219                      15.12                  13
220                      15.43                  14
221                      15.11                  16
222                      15.13                  16
223                      15.14                  17
224                      15.45                  17
225                      15.45                  13
226                      15.38                  13
227                      15.35                  13
228                      15.22                  13
229                      15.31                  13
230                      15.30                  13
231                      15.32                  14
232                      15.23                  13
233                      15.17                  14
234                      15.48                  14
235                      15.26                  13
236                      15.21                  17
237                      15.17                  15
238                      15.46                  14
239                      15.16                  12
240                      15.15                  13
241                      15.09                  15
242                      15.13                  14
243                      15.21                  13
244                      15.64                  14
245                      15.24                  13
246                      15.15                  13
247                      15.17                  13
248                      15.28                  14
249                      15.13                  12
250                      15.19                  13
251                      15.08                  13
252                      15.37                  13
253                      15.27                  13
254                      15.11                  14
255                      15.63                  18
256                      15.28                  17
257                      15.72                  18
258                      15.29                  19
259                      15.31                  20
260                      15.24                  20
261                      15.28                  20
262                      15.68                  18
263                      15.20                  20
264                      15.40                  22
265                      15.31                  17
266                      16.66                  18
267                      15.46                  20
268                      15.44                  19
269                      15.37                  21
270                      15.35                  19
271                      15.80                  18
272                      15.10                  18
273                      15.44                  19
274                      15.83                  18
275                      15.08                  17
276                      15.11                  18
277                      15.07                  16
278                      15.09                  15
279                      15.19                  17
280                      15.08                  18
281                      15.73                  17
282                      15.14                  20
283                      15.93                  20
284                      15.18                  20
285                      15.10                  20
286                      15.25                  22
287                      15.20                  21
288                      15.58                  20
289                      15.43                  21
290                      16.49                  22
291                      14.95                  21
292                      15.16                  17
293                      14.91                  17
294                      14.80                  20
295                      15.30                  15
296                      15.60                  18
297                      15.71                  17
298                      14.97                  23
299                      15.22                  21
300                      15.11                  21
301                      15.01                  21
302                      14.88                  21
303                      14.53                  20
304                      14.83                  23
305                      14.53                  22
306                      14.58                  20
307                      14.43                  20
308                      14.60                  19
309                      14.77                  21
310                      14.45                  20
311                      14.48                  19
312                      14.46                  20
313                      15.25                  22
314                      14.85                  21
315                      15.33                  22
316                      15.30                  23
317                      15.51                  24
318                      14.56                  23
319                      14.81                  24
320                      15.75                  22
321                      14.90                  21
322                      15.25                  22
323                      14.87                  22
324                      14.90                  21
325                      15.37                  21
326                      15.78                  21
327                      14.94                  21
328                      14.88                  22
329                      15.14                  22
330                      14.82                  23
331                      15.05                  25
332                      14.73                  24
333                      14.90                  22
334                      14.83                  22
335                      14.78                  23
336                      14.84                  20
337                      15.11                  24
338                      14.78                  22
339                      14.77                  20
340                      14.77                  23
341                      14.88                  18
342                      14.91                  21
343                      15.33                  19
344                      14.87                  14
345                      15.16                  17
346                      14.83                  19
347                      14.88                  21
348                      15.11                  21
349                      14.79                  20
350                      15.54                  21
351                      14.87                  18
352                      14.83                  18
353                      14.76                  18
354                      14.80                  19
355                      15.08                  18
356                      14.79                  18
357                      14.90                  16
358                      14.95                  17
359                      14.89                  19
360                      14.91                  17
361                      14.86                  16
362                      15.30                  17
363                      15.00                  18
364                      14.82                  17
365                      14.86                  16
366                      14.85                  17
367                      15.13                  17
368                      14.89                  16
369                      14.92                  20
370                      14.87                  20
371                      15.44                  19
372                      14.93                  22
373                      14.90                  24
374                      14.83                  24
375                      15.79                  23
376                      15.90                  21
377                      15.96                  20
378                      15.79                  22
379                      15.78                  19
380                      15.80                  20
381                      15.70                  20
382                      15.65                  17
383                      15.60                  19
384                      15.78                  19
385                      16.01                  20
386                      15.69                  19
387                      16.33                  19
388                      15.63                  17
389                      15.83                  20
390                      15.87                  20
391                      15.90                  19
392                      15.79                  20
393                      15.83                  20
394                      15.47                  19
395                      15.09                  19
396                      15.56                  23
397                      15.04                  20
398                      15.06                  19
399                      15.64                  19
400                      14.99                  20
401                      15.12                  20
402                      15.08                  20
403                      15.20                  16
404                      15.78                  19
405                      15.13                  18
406                      15.04                  16
407                      14.89                  17
408                      14.88                  19
409                      14.86                  18
410                      15.07                  17
411                      15.01                  14
412                      14.87                  20
413                      14.92                  16
414                      14.83                  22
415                      15.30                  20
416                      14.83                  19
417                      15.04                  20
418                      15.27                  17
419                      15.93                  19
420                      14.94                  20
421                      15.09                  19
422                      14.96                  18
423                      14.75                  21
424                      14.97                  19
425                      14.92                  15
426                      14.77                  17
427                      15.03                  18
428                      14.79                  18
429                      15.31                  21
430                      14.99                  16
431                      15.78                  21
432                      15.30                  20
433                      15.41                  20
434                      15.86                  22
435                      15.03                  19
436                      15.33                  19
437                      15.21                  19
438                      14.93                  18
439                      14.79                  15
440                      14.88                  18
441                      15.01                  17
442                      14.80                  20
443                      15.34                  21
444                      14.82                  23
445                      14.83                  20
446                      15.69                  20
447                      15.03                  21
448                      14.89                  18
449                      15.17                  20
450                      14.95                  19
451                      15.81                  19
452                      14.95                  16
453                      14.98                  17
454                      15.13                  17
455                      15.24                  20
456                      14.95                  17
457                      15.26                  19
458                      14.95                  18
459                      14.96                  20
460                      15.82                  19
461                      15.01                  20
462                      14.99                  19
463                      15.01                  24
464                      15.05                  23
465                      15.21                  24
466                      15.10                  22
467                      15.09                  25
468                      15.11                  21
469                      15.11                  26
470                      15.65                  22
471                      15.02                  23
472                      14.98                  22
473                      15.29                  25
474                      15.02                  23
475                      15.40                  23
476                      15.05                  26
477                      15.25                  21
478                      15.05                  24
479                      15.06                  23
480                      14.98                  24
481                      15.09                  21
482                      15.04                  21
483                      15.00                  26
484                      15.04                  21
485                      14.99                  24
486                      15.04                  20
487                      14.97                  24
488                      14.95                  19
489                      15.04                  20
490                      14.95                  21
491                      15.01                  23
492                      15.03                  21
493                      15.03                  22
494                      14.97                  21
495                      15.14                  17
496                      14.95                  19
497                      14.99                  19
498                      15.12                  19
499                      15.69                  19
500                      15.06                  20
501                      15.39                  20
502                      15.43                  20
503                      15.01                  17
504                      15.57                  18
505                      14.94                  19
506                      15.60                  18
507                      15.05                  18
508                      16.61                  17
509                      15.87                  18
510                      15.80                  17
511                      15.87                  22
512                      15.81                  20
513                      15.91                  20
514                      15.78                  21
515                      15.66                  21
516                      15.67                  21
517                      15.69                  23
518                      15.69                  21
519                      16.28                  19
520                      15.70                  23
521                      16.22                  19
522                      15.89                  19
523                      16.47                  22
524                      15.82                  20
525                      15.86                  20
526                      15.77                  21
527                      15.51                  18
528                      15.44                  19
529                      15.42                  19
530                      15.24                  19
531                      15.21                  20
532                      15.21                  21
533                      15.21                  20
534                      15.56                  19
535                      15.34                  20
536                      15.36                  20
537                      15.36                  19
538                      15.43                  19
539                      15.37                  18
540                      15.38                  17
541                      15.34                  17
542                      16.46                  18
543                      15.43                  22
544                      15.34                  19
545                      15.15                  20
546                      14.93                  18
547                      14.94                  21
548                      14.87                  21
549                      14.89                  22
550                      15.31                  25
551                      14.88                  17
552                      15.54                  17
553                      15.00                  18
554                      14.88                  16
555                      15.11                  16
556                      15.05                  18
557                      15.10                  18
558                      14.99                  17
559                      16.04                  18
560                      14.91                  17
561                      14.96                  16
562                      15.58                  16
563                      15.42                  16
564                      15.70                  15
565                      15.07                  15
566                      15.91                  16
567                      15.36                  16
568                      14.89                  17
569                      14.82                  18
570                      14.80                  18
571                      14.86                  20
572                      14.77                  19
573                      14.87                  19
574                      14.91                  17
575                      14.94                  18
576                      14.86                  19
577                      14.81                  17
578                      14.86                  18
579                      14.81                  17
580                      14.77                  17
581                      14.72                  17
582                      14.77                  15
583                      15.82                  15
584                      14.74                  17
585                      14.92                  19
586                      14.85                  18
587                      14.98                  17
588                      14.86                  16
589                      15.20                  15
590                      15.22                  16
591                      14.87                  15
592                      14.64                  16
593                      14.60                  16
594                      15.34                  17
595                      15.40                  17
596                      14.70                  17
597                      15.79                  16
598                      14.90                  16
599                      14.86                  16
600                      15.21                  16
601                      14.73                  15
602                      15.18                  17
603                      14.84                  16
604                      14.64                  16
605                      14.88                  17
606                      14.93                  16
607                      14.94                  15
608                      14.76                  16
609                      14.64                  15
610                      14.67                  16
611                      14.60                  17
612                      15.37                  17
613                      14.90                  18
614                      14.81                  18
615                      14.73                  16
616                      14.66                  17
617                      14.68                  17
618                      14.71                  18
619                      15.38                  18
620                      14.96                  18
621                      15.57                  19
622                      15.29                  19
623                      15.79                  18
624                      14.98                  21
625                      14.66                  19
626                      15.32                  20
627                      15.03                  21
628                      14.94                  21
629                      14.70                  20
630                      14.77                  19
631                      14.73                  19
632                      14.86                  17
633                      14.66                  18
634                      15.00                  17
635                      15.40                  14
636                      14.76                  15
637                      14.81                  16
638                      14.99                  17
639                      14.79                  16
640                      14.78                  18
641                      14.93                  17
642                      14.79                  16
643                      15.91                  18
644                      14.92                  18
645                      14.83                  18
646                      15.21                  16
647                      15.21                  18
648                      15.10                  18
649                      14.90                  18
650                      14.85                  21
651                      14.82                  22
652                      14.79                  21
653                      14.87                  21
654                      14.82                  21
655                      14.84                  20
656                      15.00                  18
657                      15.02                  17
658                      14.91                  18
659                      15.33                  19
660                      14.97                  19
661                      14.86                  19
662                      15.31                  22
663                      14.93                  20
664                      14.84                  21
665                      14.86                  19
666                      15.10                  20
667                      14.93                  20
668                      14.92                  21
669                      14.96                  21
670                      15.71                  20
671                      14.88                  20
672                      15.08                  19
673                      15.43                  20
674                      15.10                  21
675                      15.17                  21
676                      15.07                  20
677                      15.06                  18
678                      14.93                  19
679                      15.55                  22
680                      14.94                  22
681                      15.11                  22
682                      14.97                  22
683                      15.03                  21
684                      14.98                  21
685                      15.02                  22
686                      15.05                  21
687                      15.02                  20
688                      14.92                  19
689                      15.85                  21
690                      14.85                  19
691                      15.64                  19
692                      15.15                  17
693                      15.19                  19
694                      15.02                  19
695                      14.90                  19
696                      14.97                  18
697                      15.10                  19
698                      14.85                  18
699                      15.35                  19
700                      14.95                  20
701                      14.94                  21
702                      15.28                  21
703                      15.42                  20
704                      14.89                  20
705                      14.93                  22
706                      14.93                  19
707                      14.93                  23
708                      15.19                  24
709                      16.04                  23
710                      15.13                  22
711                      14.91                  22
712                      15.07                  23
713                      14.91                  22
714                      15.07                  25
715                      15.35                  24
716                      15.21                  23
717                      14.96                  22
718                      15.44                  19
719                      15.09                  22
720                      14.91                  22
721                      14.89                  23
722                      16.72                  24
723                      15.12                  25
724                      14.94                  23
725                      15.83                  26
726                      15.16                  22
727                      15.58                  25
728                      14.98                  24
729                      15.50                  23
730                      15.06                  26
731                      15.11                  24
732                      15.09                  18
733                      15.00                  18
734                      14.96                  21
735                      14.98                  24
736                      15.01                  21
737                      15.26                  18
738                      14.99                  21
739                      15.65                  19
740                      15.09                  19
741                      14.91                  20
742                      14.89                  19
743                      14.86                  20
744                      15.32                  19
745                      15.18                  16
746                      16.11                  19
747                      15.32                  17
748                      15.00                  19
749                      14.93                  24
750                      16.30                  23
751                      15.86                  22
752                      15.77                  21
753                      15.90                  20
754                      15.71                  22
755                      15.89                  20
756                      15.88                  20
757                      15.74                  20
758                      16.33                  15
759                      16.23                  19
760                      15.82                  17
761                      15.86                  18
762                      15.75                  17
763                      15.29                  20
764                      15.28                  20
765                      15.94                  21
766                      15.27                  23
767                      15.25                  22
768                      15.57                  21
769                      15.73                  17
770                      16.07                  20
771                      15.47                  17
772                      15.28                  19
773                      15.23                  16
774                      15.46                  18
775                      15.80                  15
776                      16.07                  19
777                      15.24                  19
778                      15.21                  19
779                      15.13                  21
780                      15.05                  20
781                      14.65                  18
782                      15.04                  18
783                      14.80                  17
784                      14.83                  20
785                      14.63                  19
786                      14.85                  17
787                      14.87                  19
788                      14.82                  19
789                      14.64                  19
790                      14.70                  20
791                      14.70                  19
792                      14.70                  16
793                      14.66                  17
794                      14.74                  17
795                      15.58                  17
796                      15.73                  19
797                      14.94                  17
798                      14.70                  18
799                      14.77                  15
800                      15.28                  18
801                      15.24                  18
802                      15.40                  18
803                      14.76                  21
804                      14.79                  19
805                      14.85                  20
806                      15.27                  20
807                      15.14                  18
808                      15.28                  19
809                      15.52                  18
810                      14.76                  19
811                      15.16                  20
812                      14.80                  17
813                      16.29                  16
814                      14.88                  19
815                      14.69                  17
816                      15.38                  21
817                      15.12                  22
818                      15.94                  22
819                      14.80                  21
820                      14.81                  20
821                      15.18                  22
822                      14.73                  26
823                      14.72                  23
824                      14.72                  23
825                      14.73                  24
826                      14.84                  24
827                      15.16                  23
828                      14.88                  21
829                      14.89                  21
830                      14.81                  22
831                      14.73                  22
832                      14.76                  20
833                      14.98                  19
834                      14.95                  16
835                      15.19                  19
836                      15.59                  20
837                      15.44                  21
838                      15.90                  19
839                      15.42                  19
840                      15.39                  18
841                      15.50                  18
842                      15.91                  18
843                      15.53                  17
844                      15.52                  17
845                      15.67                  19
846                      15.45                  20
847                      15.59                  18
848                      15.58                  19
849                      15.58                  23
850                      16.07                  21
851                      15.65                  20
852                      16.38                  19
853                      15.82                  17
854                      16.31                  17
855                      15.77                  16
856                      15.68                  17
857                      15.74                  19
858                      15.61                  21
859                      16.09                  23
860                      15.73                  23
861                      15.90                  22
862                      16.02                  22
863                      15.76                  22
864                      15.67                  22
865                      16.35                  22
866                      16.41                  23
867                      15.97                  21
868                      15.87                  22
869                      15.94                  20
870                      15.85                  20
871                      15.70                  21
872                      15.65                  19
873                      15.85                  22
874                      16.25                  22
875                      15.94                  20
876                      16.22                  22
877                      15.89                  24
878                      15.71                  21
879                      15.67                  23
880                      15.67                  23
881                      15.79                  24
882                      16.33                  22
883                      15.69                  23
884                      15.66                  23
885                      15.46                  21
886                      15.62                  20
887                      15.43                  21
888                      15.58                  19
889                      15.93                  21
890                      15.43                  21
891                      15.39                  21
892                      15.35                  20
893                      15.55                  21
894                      15.51                  21
895                      15.69                  22
896                      15.59                  20
897                      15.95                  21
898                      15.67                  20
899                      15.57                  18
900                      16.41                  21
901                      15.45                  22
902                      15.51                  20
903                      15.09                  19
904                      15.15                  18
905                      15.15                  19
906                      15.09                  20
907                      15.32                  19
908                      15.11                  22
909                      15.02                  20
910                      15.73                  21
911                      15.25                  22
912                      16.07                  22
913                      15.23                  22
914                      15.50                  23
915                      14.96                  22
916                      14.94                  22
917                      15.45                  23
918                      14.93                  20
919                      15.97                  18
920                      14.86                  16
921                      14.87                  16
922                      14.91                  16
923                      15.03                  17
924                      15.07                  17
925                      15.78                  18
926                      15.80                  20
927                      15.04                  19
928                      15.00                  19
929                      14.93                  21
930                      15.59                  23
931                      15.38                  21
932                      15.09                  20
933                      15.12                  22
934                      15.16                  20
935                      14.84                  21
936                      14.85                  19
937                      14.89                  17
938                      14.97                  21
939                      15.34                  19
940                      15.07                  20
941                      14.87                  17
942                      14.81                  19
943                      14.93                  17
944                      14.84                  15
945                      15.02                  13
946                      14.89                  13
947                      15.55                  12
948                      14.89                  12
949                      15.04                  12
950                      15.05                  16
951                      14.97                  16
952                      14.91                  13
953                      14.91                  13
954                      14.81                  11
955                      14.84                  13
956                      14.85                  12
957                      15.45                  13
958                      14.82                  11
959                      14.87                  11
960                      14.85                  13
961                      14.78                  12
962                      14.85                  13
963                      14.86                  14
964                      14.86                  12
965                      14.97                  13
966                      14.92                  15
967                      14.88                  14
968                      14.99                  13
969                      15.04                  12
970                      14.78                  13
971                      14.79                  13
972                      14.58                  14
973                      15.63                  12
974                      14.72                  14
975                      14.64                  15
976                      14.78                  15
977                      14.75                  15
978                      14.79                  13
979                      14.67                  14
980                      14.85                  12
981                      14.72                  12
982                      15.29                  12
983                      14.80                  13
984                      14.88                  14
985                      15.27                  13
986                      15.52                  13
987                      14.91                  14
988                      14.85                  14
989                      14.82                  13
990                      14.66                  12
991                      15.68                  12
992                      14.95                  13
993                      14.78                  13
994                      14.84                  13
995                      14.65                  14
996                      15.15                  14
997                      14.66                  12
998                      15.15                  13
999                      14.70                  14
1000                     14.94                  17
1001                     15.66                  15
1002                     16.11                  15
1003                     15.12                  15
1004                     14.95                  16
1005                     14.80                  16
1006                     14.71                  14
1007                     14.63                  14
1008                     15.47                  15
1009                     15.38                  14
1010                     15.85                  16
1011                     14.75                  17
1012                     14.69                  16
1013                     14.62                  17
1014                     15.23                  16
1015                     15.04                  15
1016                     15.91                  15
1017                     15.44                  15
1018                     16.28                  15
1019                     16.80                  14
1020                     15.71                  14
1021                     15.18                  13
1022                     15.33                  14
1023                     14.67                  13
1024                     15.63                  12
1025                     14.82                  14
1026                     14.87                  14
1027                     15.10                  15
1028                     14.62                  16
1029                     15.11                  16
1030                     14.65                  16
1031                     14.77                  13
1032                     14.89                  13
1033                     14.60                  13
1034                     15.38                  13
1035                     14.95                  13
1036                     15.18                  15
1037                     15.03                  14
1038                     15.29                  16
1039                     15.76                  16
1040                     14.48                  14
1041                     15.45                  13
1042                     17.27                  16
1043                     17.62                  16
1044                     17.51                  14
1045                     16.47                  15
1046                     15.54                  14
1047                     14.91                  14
1048                     15.04                  14
1049                     15.07                  13
1050                     15.53                  11
1051                     15.20                  13
1052                     14.84                  10
1053                     15.50                  14
1054                     14.67                  13
1055                     14.91                  12
1056                     14.58                  13
1057                     14.66                  17
1058                     14.79                  15
1059                     14.91                  16
1060                     15.36                  16
1061                     14.67                  16
1062                     14.82                  14
1063                     14.81                  14
1064                     14.91                  14
1065                     15.52                  17
1066                     15.34                  15
1067                     15.01                  14
1068                     15.30                  14
1069                     15.25                  11
1070                     15.03                  14
1071                     15.15                  13
1072                     15.02                  12
1073                     15.24                  13
1074                     15.00                  14
1075                     14.96                  12
1076                     15.35                  15
1077                     14.89                  18
1078                     15.07                  17
1079                     14.90                  15
1080                     15.09                  16
1081                     15.69                  18
1082                     15.05                  14
1083                     15.55                  12
1084                     15.02                  11
1085                     15.13                  13
1086                     15.72                  11
1087                     14.96                  17
1088                     14.87                  17
1089                     14.83                  17
1090                     14.94                  19
1091                     14.93                  19
1092                     15.19                  17
1093                     14.93                  19
1094                     14.91                  20
1095                     15.35                  21
1096                     14.98                  18
1097                     15.09                  16
1098                     14.85                  18
1099                     14.88                  16
1100                     15.04                  17
1101                     15.21                  17
1102                     15.08                  15
1103                     15.09                  16
1104                     14.91                  17
1105                     14.91                  16
1106                     14.89                  17
1107                     15.11                  16
1108                     15.16                  17
1109                     14.82                  17
1110                     15.65                  17
1111                     14.82                  16
1112                     14.98                  16
1113                     14.80                  21
1114                     14.90                  17
1115                     14.97                  17
1116                     14.86                  16
1117                     14.78                  17
1118                     14.85                  17
1119                     14.89                  14
1120                     16.10                  13
1121                     15.95                  16
1122                     15.99                  14
1123                     16.11                  13
1124                     16.01                  13
1125                     15.98                  14
1126                     16.40                  15
1127                     15.75                  14
1128                     15.84                  15
1129                     16.00                  12
1130                     15.42                  15
1131                     15.43                  14
1132                     15.52                  14
1133                     15.74                  13
1134                     15.41                  15
1135                     15.44                  17
1136                     15.45                  15
1137                     16.21                  13
1138                     15.53                  16
1139                     15.83                  16
1140                     15.91                  17
1141                     15.88                  18
1142                     15.63                  15
1143                     15.57                  15
1144                     15.24                  17
1145                     14.94                  17
1146                     14.98                  17
1147                     15.49                  17
1148                     14.90                  15
1149                     14.83                  20
1150                     15.57                  14
1151                     14.98                  14
1152                     14.83                  17
1153                     14.98                  15
1154                     16.04                  15
1155                     14.91                  13
1156                     14.82                  13
1157                     14.86                  14
1158                     15.27                  15
1159                     15.37                  16
1160                     14.79                  17
1161                     14.84                  18
1162                     14.97                  14
1163                     14.78                  14
1164                     15.14                  12
1165                     15.63                  13
1166                     16.21                  14
1167                     15.17                  16
1168                     15.01                  16
1169                     15.01                  14
1170                     14.89                  14
1171                     14.93                  15
1172                     15.10                  16
1173                     15.56                  15
1174                     15.88                  18
1175                     15.22                  18
1176                     14.79                  20
1177                     14.86                  16
1178                     14.87                  18
1179                     14.81                  19
1180                     14.86                  17
1181                     14.78                  17
1182                     15.16                  17
1183                     14.74                  18
1184                     15.01                  15
1185                     14.77                  17
1186                     15.61                  15
1187                     15.54                  16
1188                     14.97                  15
1189                     15.10                  16
1190                     15.37                  15
1191                     14.77                  13
1192                     14.92                  12
1193                     14.75                  13
1194                     15.28                  11
1195                     15.58                  12
1196                     15.03                  12
1197                     15.34                  13
1198                     15.28                  12
1199                     15.17                  14
1200                     14.89                  14
1201                     14.76                  12
1202                     15.28                  13
1203                     15.11                  11
1204                     14.97                  12
1205                     15.24                  11
1206                     14.85                  12
1207                     14.85                  14
1208                     14.79                  12
1209                     14.78                  14
1210                     15.15                  14
1211                     14.78                  15
1212                     15.52                  16
1213                     15.32                  14
1214                     14.98                  15
1215                     14.81                  16
1216                     14.72                  16
1217                     15.14                  16
1218                     14.94                  16
1219                     15.50                  15
1220                     14.70                  17
1221                     15.00                  19
1222                     14.84                  16
1223                     14.66                  16
1224                     15.14                  16
1225                     14.95                  17
1226                     15.95                  14
1227                     15.06                  16
1228                     15.01                  14
1229                     15.01                  14
1230                     14.84                  13
1231                     14.80                  13
1232                     14.85                  14
1233                     14.84                  14
1234                     14.78                  15
1235                     14.74                  15
1236                     15.30                  14
1237                     15.84                  15
1238                     15.43                  17
1239                     14.76                  18
1240                     14.75                  16
1241                     15.03                  13
1242                     14.95                  15
1243                     15.00                  13
1244                     15.54                  13
1245                     16.11                  16
1246                     14.95                  15
1247                     14.94                  14
1248                     14.77                  13
1249                     14.76                  13
1250                     15.55                  15
1251                     14.72                  14
1252                     14.92                  15
1253                     14.83                  15
1254                     14.73                  15
1255                     14.80                  14
1256                     15.03                  13
1257                     14.72                  13
1258                     14.73                  18
1259                     15.02                  15
1260                     15.47                  16
1261                     15.42                  15
1262                     15.43                  15
1263                     15.39                  13
1264                     15.38                  15
1265                     15.75                  13
1266                     15.50                  12
1267                     15.45                  12
1268                     15.44                  15
1269                     15.21                  15
1270                     16.42                  13
1271                     15.47                  12
1272                     15.50                  12
1273                     15.54                  14
1274                     15.99                  14
1275                     15.66                  14
1276                     15.63                  14
1277                     15.81                  15
1278                     15.67                  15
1279                     16.33                  13
1280                     15.73                  15
1281                     16.33                  13
1282                     15.75                  17
1283                     15.72                  14
1284                     15.29                  16
1285                     15.55                  14
1286                     15.19                  14
1287                     15.57                  15
1288                     16.24                  17
1289                     16.51                  17
1290                     14.74                  15
1291                     15.67                  16
1292                     14.78                  15
1293                     15.05                  15
1294                     14.85                  13
1295                     14.80                  13
1296                     15.67                  15
1297                     15.04                  15
1298                     15.61                  13
1299                     15.65                  16
1300                     14.85                  15
1301                     16.55                  17
1302                     15.71                  18
1303                     14.90                  19
1304                     14.98                  19
1305                     14.90                  17
1306                     15.06                  19
1307                     14.86                  17
1308                     15.22                  16
1309                     15.39                  17
1310                     15.60                  15
1311                     15.00                  15
1312                     14.93                  16
1313                     14.99                  14
1314                     15.09                  14
1315                     15.64                  17
1316                     15.53                  15
1317                     15.80                  16
1318                     14.95                  17
1319                     14.91                  17
1320                     15.05                  15
1321                     15.57                  15
1322                     14.90                  14
1323                     15.07                  13
1324                     14.94                  13
1325                     14.93                  13
1326                     15.41                  12
1327                     15.73                  13
1328                     15.73                  14
1329                     14.98                  15
1330                     15.02                  12
1331                     15.01                  15
1332                     14.90                  15
1333                     14.88                  15
1334                     15.11                  17
1335                     15.01                  17
1336                     14.97                  17
1337                     15.00                  15
1338                     15.06                  15
1339                     15.08                  16
1340                     14.95                  12
1341                     15.05                  14
1342                     15.53                  16
1343                     14.93                  16
1344                     14.72                  17
1345                     14.70                  13
1346                     15.40                  15
1347                     14.73                  16
1348                     14.86                  14
1349                     14.87                  14
1350                     14.81                  13
1351                     14.81                  12
1352                     14.91                  15
1353                     15.09                  12
1354                     14.74                  13
1355                     14.70                  14
1356                     14.69                  16
1357                     14.69                  12
1358                     15.02                  14
1359                     14.87                  14
1360                     15.76                  15
1361                     14.99                  13
1362                     15.20                  15
1363                     16.18                  15
1364                     15.01                  14
1365                     14.77                  12
1366                     14.63                  13
1367                     14.63                  12
1368                     14.93                  12
1369                     15.10                  15
1370                     16.02                  16
1371                     14.84                  14
1372                     14.76                  13
1373                     14.92                  11
1374                     15.53                  11
1375                     14.70                  15
1376                     14.66                  12
1377                     14.84                  13
1378                     14.73                  13
1379                     15.09                  14
1380                     14.86                  16
1381                     15.09                  16
1382                     14.65                  15
1383                     14.79                  15
1384                     14.96                  15
1385                     15.57                  16
1386                     14.67                  16
1387                     14.72                  16
1388                     15.36                  17
1389                     14.65                  15
1390                     14.71                  14
1391                     14.95                  14
1392                     14.81                  15
1393                     14.71                  17
1394                     14.86                  15
1395                     14.72                  14
1396                     14.94                  14
1397                     15.65                  16
1398                     15.52                  14
1399                     15.64                  16
1400                     15.70                  15
1401                     15.62                  13
1402                     15.62                  13
1403                     15.68                  14
1404                     15.65                  14
1405                     15.75                  14
1406                     15.81                  13
1407                     15.73                  15
1408                     15.96                  13
1409                     15.79                  14
1410                     15.73                  14
1411                     15.07                  13
1412                     14.99                  11
1413                     15.13                  13
1414                     15.11                  14
1415                     15.01                  13
1416                     15.28                  14
1417                     15.01                  13
1418                     15.02                  13
1419                     15.02                  13
1420                     15.66                  14
1421                     15.06                  14
1422                     15.01                  15
1423                     15.01                  16
1424                     15.03                  16
1425                     14.98                  16
1426                     15.23                  14
1427                     15.01                  13
1428                     14.98                  13
1429                     15.24                  15
1430                     15.05                  15
1431                     15.03                  13
1432                     15.77                  16
1433                     15.00                  14
1434                     15.00                  14
1435                     15.27                  14
1436                     15.10                  16
1437                     15.17                  16
1438                     15.54                  14
1439                     15.18                  12
1440                     15.15                  12
1441                     15.18                  12
1442                     15.35                  14
1443                     15.02                  13
1444                     15.62                  13
1445                     15.03                  11
1446                     15.19                  12
1447                     15.02                  13
1448                     15.20                  16
1449                     15.00                  12
1450                     15.34                  13
1451                     15.06                  13
1452                     15.48                  11
1453                     15.78                  13
1454                     15.82                  16
1455                     15.28                  17
1456                     15.25                  17
1457                     16.53                  18
1458                     15.79                  18
1459                     15.36                  19
1460                     15.99                  19
1461                     15.42                  20
1462                     15.31                  21
1463                     15.22                  20
1464                     15.64                  19
1465                     15.30                  18
1466                     16.01                  17
1467                     15.67                  19
1468                     15.32                  20
1469                     15.38                  19
1470                     15.77                  20
1471                     15.53                  19
1472                     15.68                  19
1473                     15.26                  19
1474                     15.33                  17
1475                     15.18                  15
1476                     16.44                  16
1477                     15.22                  17
1478                     15.26                  17
1479                     15.39                  18
1480                     15.30                  17
1481                     15.41                  19
1482                     15.27                  20
1483                     15.84                  21
1484                     15.24                  20
1485                     15.28                  17
1486                     15.23                  19
1487                     15.19                  21
1488                     15.60                  22
1489                     15.30                  20
1490                     15.53                  20
1491                     15.37                  21
1492                     15.34                  17
1493                     15.45                  18
1494                     15.38                  18
1495                     16.22                  16
1496                     16.18                  18
1497                     16.22                  18
1498                     15.54                  21
1499                     15.36                  20
1500                     15.66                  22
1501                     15.37                  21
1502                     15.41                  21
1503                     15.82                  20
1504                     15.50                  21
1505                     15.44                  22
1506                     15.54                  20
1507                     15.47                  20
1508                     14.75                  20
1509                     15.22                  20
1510                     14.72                  21
1511                     14.88                  19
1512                     14.67                  23
1513                     14.75                  23
1514                     14.78                  23
1515                     14.54                  23
1516                     14.43                  22
1517                     14.47                  23
1518                     14.64                  23
1519                     15.54                  23
1520                     14.76                  22
1521                     15.07                  23
1522                     15.08                  22
1523                     14.53                  21
1524                     15.22                  21
1525                     15.21                  19
1526                     15.17                  21
1527                     15.15                  23
1528                     14.76                  24
1529                     14.63                  24
1530                     14.91                  22
1531                     15.88                  22
1532                     14.97                  24
1533                     14.67                  23
1534                     14.74                  23
1535                     14.74                  21
1536                     14.94                  23
1537                     14.75                  21
1538                     14.64                  20
1539                     14.71                  25
1540                     15.00                  22
1541                     14.61                  19
1542                     15.17                  18
1543                     15.02                  17
1544                     14.65                  18
1545                     15.65                  19
1546                     14.71                  20
1547                     15.08                  19
1548                     14.77                  21
1549                     14.99                  21
1550                     14.79                  21
1551                     14.73                  18
1552                     14.56                  21
1553                     14.96                  17
1554                     14.58                  18
1555                     14.70                  19
1556                     14.99                  17
1557                     14.66                  17
1558                     14.59                  19
1559                     14.96                  19
1560                     14.78                  17
1561                     14.63                  18
1562                     14.62                  18
1563                     15.10                  19
1564                     14.92                  16
1565                     15.75                  19
1566                     14.67                  17
1567                     14.67                  16
1568                     15.35                  18
1569                     15.17                  20
1570                     15.45                  20
1571                     15.45                  19
1572                     14.97                  21
1573                     14.82                  21
1574                     15.98                  23
1575                     16.30                  24
1576                     16.04                  22
1577                     15.96                  24
1578                     15.88                  22
1579                     15.94                  20
1580                     15.93                  19
1581                     15.79                  22
1582                     15.67                  22
1583                     15.63                  20
1584                     15.95                  19
1585                     15.57                  16
1586                     15.63                  16
1587                     15.66                  16
1588                     15.95                  19
1589                     15.75                  19
1590                     15.90                  19
1591                     16.12                  19
1592                     16.20                  19
1593                     16.20                  21
1594                     16.15                  18
1595                     16.14                  20
1596                     16.24                  22
1597                     16.04                  21
1598                     15.85                  20
1599                     14.76                  20
1600                     15.19                  19
1601                     15.43                  20
1602                     14.88                  18
1603                     15.19                  18
1604                     14.60                  18
1605                     14.43                  18
1606                     14.54                  15
1607                     14.89                  16
1608                     14.58                  18
1609                     14.58                  19
1610                     16.38                  20
1611                     14.96                  18
1612                     15.14                  20
1613                     15.17                  17
1614                     14.92                  17
1615                     15.42                  20
1616                     15.09                  17
1617                     15.48                  20
1618                     14.79                  19
1619                     14.61                  19
1620                     14.54                  21
1621                     14.40                  17
1622                     14.61                  19
1623                     14.61                  17
1624                     14.44                  16
1625                     14.41                  15
1626                     14.37                  14
1627                     14.41                  18
1628                     14.78                  17
1629                     14.75                  18
1630                     15.66                  15
1631                     16.45                  20
1632                     15.88                  19
1633                     15.32                  24
1634                     14.80                  23
1635                     15.66                  20
1636                     14.88                  22
1637                     14.54                  17
1638                     14.47                  18
1639                     14.43                  17
1640                     15.50                  20
1641                     15.00                  17
1642                     14.94                  21
1643                     14.91                  21
1644                     15.76                  22
1645                     15.38                  21
1646                     15.21                  24
1647                     15.06                  21
1648                     15.03                  19
1649                     15.25                  22
1650                     15.13                  19
1651                     15.03                  18
1652                     14.99                  19
1653                     14.93                  18
1654                     15.27                  17
1655                     15.14                  20
1656                     15.48                  18
1657                     14.95                  19
1658                     16.25                  20
1659                     15.10                  18
1660                     15.04                  18
1661                     14.92                  18
1662                     14.96                  15
1663                     15.31                  22
1664                     15.07                  23
1665                     15.33                  22
1666                     15.30                  22
1667                     15.19                  24
1668                     16.31                  21
1669                     15.67                  21
1670                     15.15                  25
1671                     14.95                  22
1672                     15.61                  27
1673                     15.30                  25
1674                     15.06                  25
1675                     15.99                  23
1676                     15.22                  24
1677                     14.98                  23
1678                     15.04                  24
1679                     15.07                  22
1680                     15.00                  22
1681                     14.95                  21
1682                     15.39                  23
1683                     15.31                  25
1684                     15.34                  22
1685                     15.11                  22
1686                     14.98                  21
1687                     15.07                  20
1688                     14.90                  20
1689                     15.26                  21
1690                     14.93                  21
1691                     14.95                  23
1692                     14.96                  19
1693                     15.19                  19
1694                     15.09                  21
1695                     15.05                  19
1696                     15.46                  19
1697                     15.46                  18
1698                     15.41                  20
1699                     15.51                  19
1700                     15.46                  20
1701                     15.56                  19
1702                     15.61                  18
1703                     15.62                  17
1704                     15.60                  19
1705                     15.54                  16
1706                     15.45                  18
1707                     15.96                  19
1708                     15.68                  18
1709                     15.68                  17
1710                     15.67                  20
1711                     15.58                  20
1712                     15.43                  19
1713                     17.01                  21
1714                     15.70                  22
1715                     15.69                  22
1716                     15.55                  21
1717                     15.54                  21
1718                     15.52                  20
1719                     15.88                  20
1720                     15.79                  22
1721                     15.83                  21
1722                     15.92                  18
1723                     16.21                  21
1724                     15.98                  21
1725                     15.99                  22
1726                     16.01                  21
1727                     15.67                  19
1728                     15.53                  20
1729                     15.46                  20
1730                     15.44                  21
1731                     15.56                  19
1732                     15.54                  21
1733                     15.52                  19
1734                     15.58                  20
1735                     16.14                  19
1736                     16.09                  19
1737                     15.64                  18
1738                     15.47                  18
1739                     15.29                  18
1740                     15.53                  18
1741                     15.29                  19
1742                     15.59                  20
1743                     15.62                  21
1744                     15.78                  22
1745                     15.87                  22
1746                     15.51                  21
1747                     15.83                  24
1748                     15.55                  25
1749                     16.55                  22
1750                     16.30                  27
1751                     15.49                  21
1752                     15.76                  18
1753                     15.48                  19
1754                     15.87                  17
1755                     15.41                  16
1756                     15.45                  17
1757                     16.01                  17
1758                     16.02                  16
1759                     15.45                  18
1760                     15.76                  18
1761                     15.44                  18
1762                     15.50                  17
1763                     15.44                  15
1764                     15.49                  14
1765                     15.91                  16
1766                     16.37                  17
1767                     15.57                  16
1768                     15.49                  17
1769                     15.31                  19
1770                     15.35                  20
1771                     15.28                  22
1772                     15.46                  21
1773                     15.41                  19
1774                     15.52                  21
1775                     15.49                  19
1776                     15.54                  20
1777                     15.43                  16
1778                     15.78                  18
1779                     15.47                  17
1780                     15.39                  16
1781                     15.60                  17
1782                     15.33                  16
1783                     15.81                  17
1784                     15.54                  17
1785                     15.51                  16
1786                     15.48                  18
1787                     15.48                  19
1788                     15.79                  18
1789                     15.39                  17
1790                     15.50                  15
1791                     15.64                  17
1792                     16.02                  17
1793                     15.97                  16
1794                     15.97                  16
1795                     15.96                  15
1796                     16.37                  15
1797                     16.37                  15
1798                     16.24                  15
1799                     15.99                  16
